date,lot_type_0,lots_total_0,lots_available_0
2019-03-26T12:59:39,C,209,180
2019-03-26T13:10:39,C,209,179
2019-03-26T13:20:39,C,209,185
2019-03-26T13:30:39,C,209,185
2019-03-26T13:40:39,C,209,183
2019-03-26T13:50:39,C,209,183
2019-03-26T14:00:40,C,209,181
2019-03-26T14:09:40,C,209,180
2019-03-26T14:20:40,C,209,184
2019-03-26T14:30:40,C,209,186
2019-03-26T14:40:40,C,209,182
2019-03-26T14:51:40,C,209,181
2019-03-26T15:00:40,C,209,182
2019-03-26T15:11:41,C,209,180
2019-03-26T15:19:41,C,209,179
2019-03-26T15:30:41,C,209,178
2019-03-26T15:40:41,C,209,176
2019-03-26T15:51:41,C,209,180
2019-03-26T16:00:41,C,209,188
2019-03-26T16:10:41,C,209,186
2019-03-26T16:21:41,C,209,177
2019-03-26T16:30:42,C,209,177
2019-03-26T16:40:42,C,209,178
2019-03-26T16:51:42,C,209,172
2019-03-26T17:01:42,C,209,167
2019-03-26T17:11:42,C,209,167
2019-03-26T17:21:42,C,209,164
2019-03-26T17:31:42,C,209,163
2019-03-26T17:40:43,C,209,158
2019-03-26T17:50:43,C,209,159
2019-03-26T18:12:43,C,209,144
2019-03-26T18:32:43,C,209,144
2019-03-26T18:42:43,C,209,143
2019-03-26T18:51:43,C,209,139
2019-03-26T19:01:44,C,209,137
2019-03-26T19:12:44,C,209,140
2019-03-26T19:22:44,C,209,138
2019-03-26T19:33:44,C,209,134
2019-03-26T19:42:44,C,209,134
2019-03-26T19:53:44,C,209,130
2019-03-26T20:02:44,C,209,135
2019-03-26T20:12:45,C,209,132
2019-03-26T20:21:45,C,209,133
2019-03-26T20:33:45,C,209,130
2019-03-26T20:43:45,C,209,124
2019-03-26T20:53:45,C,209,124
2019-03-26T21:03:45,C,209,118
2019-03-26T21:13:45,C,209,121
2019-03-26T21:21:45,C,209,116
2019-03-26T21:32:46,C,209,114
2019-03-26T21:43:46,C,209,107
2019-03-26T21:53:46,C,209,113
2019-03-26T22:02:46,C,209,107
2019-03-26T22:13:46,C,209,108
2019-03-26T22:23:46,C,209,102
2019-03-26T22:32:46,C,209,101
2019-03-26T22:42:47,C,209,102
2019-03-26T22:52:47,C,209,97
2019-03-26T23:03:47,C,209,98
2019-03-26T23:14:47,C,209,99
2019-03-26T23:24:47,C,209,92
2019-03-26T23:34:47,C,209,91
2019-03-26T23:43:47,C,209,90
2019-03-26T23:53:48,C,209,89
2019-03-27T00:03:48,C,209,85
2019-03-27T00:13:48,C,209,87
2019-03-27T00:22:48,C,209,86
2019-03-27T00:29:48,C,209,85
2019-03-27T00:43:48,C,209,86
2019-03-27T00:53:48,C,209,82
2019-03-27T01:03:48,C,209,84
2019-03-27T01:13:49,C,209,84
2019-03-27T01:24:49,C,209,82
2019-03-27T01:34:49,C,209,81
2019-03-27T01:44:49,C,209,82
2019-03-27T01:54:49,C,209,81
2019-03-27T02:04:49,C,209,82
2019-03-27T02:13:49,C,209,82
2019-03-27T02:23:49,C,209,83
2019-03-27T02:33:50,C,209,82
2019-03-27T02:44:50,C,209,81
2019-03-27T02:55:50,C,209,81
2019-03-27T03:15:39,C,209,80
2019-03-27T03:24:39,C,209,80
2019-03-27T03:33:39,C,209,78
2019-03-27T03:45:39,C,209,79
2019-03-27T03:55:39,C,209,78
2019-03-27T04:05:39,C,209,78
2019-03-27T04:14:39,C,209,78
2019-03-27T04:24:40,C,209,76
2019-03-27T04:34:40,C,209,75
2019-03-27T04:43:40,C,209,74
2019-03-27T04:55:40,C,209,73
2019-03-27T05:05:40,C,209,75
2019-03-27T05:15:40,C,209,74
2019-03-27T05:25:40,C,209,75
2019-03-27T05:35:41,C,209,76
2019-03-27T05:44:41,C,209,78
2019-03-27T05:54:41,C,209,82
2019-03-27T06:05:41,C,209,81
2019-03-27T06:15:41,C,209,85
2019-03-27T06:25:41,C,209,83
2019-03-27T06:35:41,C,209,85
2019-03-27T06:45:42,C,209,89
2019-03-27T06:54:42,C,209,93
2019-03-27T07:04:42,C,209,98
2019-03-27T07:16:42,C,209,101
2019-03-27T07:25:42,C,209,109
2019-03-27T07:35:42,C,209,113
2019-03-27T07:45:42,C,209,116
2019-03-27T07:55:42,C,209,123
2019-03-27T08:06:43,C,209,129
2019-03-27T08:14:43,C,209,140
2019-03-27T08:24:43,C,209,153
2019-03-27T08:36:43,C,209,158
2019-03-27T08:45:43,C,209,155
2019-03-27T08:55:43,C,209,159
2019-03-27T09:06:43,C,209,163
2019-03-27T09:16:44,C,209,166
2019-03-27T09:24:44,C,209,170
2019-03-27T09:35:44,C,209,172
2019-03-27T09:45:44,C,209,168
2019-03-27T09:56:44,C,209,176
2019-03-27T10:06:44,C,209,177
2019-03-27T10:16:44,C,209,178
2019-03-27T10:26:44,C,209,176
2019-03-27T10:34:45,C,209,177
2019-03-27T10:45:45,C,209,176
2019-03-27T10:56:45,C,209,181
2019-03-27T11:06:45,C,209,180
2019-03-27T11:16:45,C,209,183
2019-03-27T11:26:45,C,209,182
2019-03-27T11:36:45,C,209,181
2019-03-27T11:45:45,C,209,178
2019-03-27T11:56:46,C,209,176
2019-03-27T12:05:46,C,209,179
2019-03-27T12:17:46,C,209,177
2019-03-27T12:27:46,C,209,181
2019-03-27T12:36:46,C,209,182
2019-03-27T12:47:46,C,209,179
2019-03-27T12:56:46,C,209,184
2019-03-27T13:06:47,C,209,180
2019-03-27T13:15:47,C,209,177
2019-03-27T13:27:47,C,209,178
2019-03-27T13:36:47,C,209,173
2019-03-27T13:47:47,C,209,171
2019-03-27T13:56:47,C,209,170
2019-03-27T14:07:47,C,209,173
2019-03-27T14:15:47,C,209,172
2019-03-27T14:26:48,C,209,179
2019-03-27T14:37:48,C,209,182
2019-03-27T14:47:48,C,209,182
2019-03-27T14:56:48,C,209,182
2019-03-27T15:07:48,C,209,177
2019-03-27T15:17:48,C,209,177
2019-03-27T15:25:48,C,209,183
2019-03-27T15:36:49,C,209,185
2019-03-27T15:46:49,C,209,180
2019-03-27T15:57:49,C,209,177
2019-03-27T16:07:49,C,209,181
2019-03-27T16:17:49,C,209,180
2019-03-27T16:28:49,C,209,177
2019-03-27T16:37:49,C,209,180
2019-03-27T16:47:49,C,209,179
2019-03-27T16:57:50,C,209,181
2019-03-27T17:08:50,C,209,179
2019-03-27T17:18:50,C,209,178
2019-03-27T17:27:50,C,209,176
2019-03-27T17:38:50,C,209,170
2019-03-27T17:46:50,C,209,168
2019-03-27T17:56:50,C,209,160
2019-03-27T18:07:51,C,209,163
2019-03-27T18:17:51,C,209,158
2019-03-27T18:27:51,C,209,157
2019-03-27T18:37:51,C,209,151
2019-03-27T18:48:51,C,209,149
2019-03-27T18:58:51,C,209,147
2019-03-27T19:07:51,C,209,143
2019-03-27T19:17:51,C,209,141
2019-03-27T19:27:52,C,209,137
2019-03-27T19:38:52,C,209,130
2019-03-27T19:48:52,C,209,126
2019-03-27T19:58:52,C,209,128
2019-03-27T20:08:52,C,209,129
2019-03-27T20:18:52,C,209,134
2019-03-27T20:28:52,C,209,131
2019-03-27T20:37:53,C,209,126
2019-03-27T20:48:53,C,209,125
2019-03-27T20:58:53,C,209,120
2019-03-27T21:08:53,C,209,122
2019-03-27T21:18:53,C,209,116
2019-03-27T21:27:53,C,209,115
2019-03-27T21:37:53,C,209,120
2019-03-27T21:47:53,C,209,119
2019-03-27T21:59:54,C,209,118
2019-03-27T22:08:54,C,209,113
2019-03-27T22:18:54,C,209,116
2019-03-27T22:29:54,C,209,111
2019-03-27T22:38:54,C,209,113
2019-03-27T22:47:54,C,209,110
2019-03-27T22:58:54,C,209,107
2019-03-27T23:08:55,C,209,104
2019-03-27T23:19:55,C,209,98
2019-03-27T23:28:55,C,209,96
2019-03-27T23:39:55,C,209,97
2019-03-27T23:48:55,C,209,97
2019-03-27T23:58:55,C,209,97
2019-03-28T00:08:55,C,209,97
2019-03-28T00:18:56,C,209,94
2019-03-28T00:29:56,C,209,95
2019-03-28T00:39:56,C,209,95
2019-03-28T00:49:56,C,209,96
2019-03-28T00:59:56,C,209,91
2019-03-28T01:09:56,C,209,92
2019-03-28T01:19:56,C,209,90
2019-03-28T01:29:56,C,209,89
2019-03-28T01:39:57,C,209,88
2019-03-28T01:49:57,C,209,86
2019-03-28T02:00:57,C,209,85
2019-03-28T02:09:57,C,209,84
2019-03-28T02:19:57,C,209,83
2019-03-28T02:29:57,C,209,83
2019-03-28T02:39:57,C,209,82
2019-03-28T02:49:58,C,209,83
2019-03-28T02:59:58,C,209,83
2019-03-28T03:10:37,C,209,81
2019-03-28T03:19:37,C,209,80
2019-03-28T03:29:37,C,209,79
2019-03-28T03:40:37,C,209,77
2019-03-28T03:50:37,C,209,76
2019-03-28T04:00:37,C,209,77
2019-03-28T04:10:38,C,209,75
2019-03-28T04:21:38,C,209,74
2019-03-28T04:30:38,C,209,73
2019-03-28T04:40:38,C,209,72
2019-03-28T04:49:38,C,209,71
2019-03-28T05:01:38,C,209,73
2019-03-28T05:10:38,C,209,72
2019-03-28T05:21:39,C,209,71
2019-03-28T05:31:39,C,209,73
2019-03-28T05:40:39,C,209,74
2019-03-28T05:50:39,C,209,76
2019-03-28T05:59:39,C,209,80
2019-03-28T06:11:39,C,209,79
2019-03-28T06:20:39,C,209,80
2019-03-28T06:30:39,C,209,81
2019-03-28T06:40:40,C,209,87
2019-03-28T06:51:40,C,209,89
2019-03-28T07:00:40,C,209,98
2019-03-28T07:10:40,C,209,104
2019-03-28T07:21:40,C,209,110
2019-03-28T07:31:40,C,209,114
2019-03-28T07:41:41,C,209,118
2019-03-28T07:51:41,C,209,128
2019-03-28T08:01:41,C,209,128
2019-03-28T08:11:41,C,209,136
2019-03-28T08:20:41,C,209,144
2019-03-28T08:30:41,C,209,149
2019-03-28T08:41:41,C,209,153
2019-03-28T08:51:41,C,209,160
2019-03-28T09:01:42,C,209,166
2019-03-28T09:12:42,C,209,165
2019-03-28T09:21:42,C,209,169
2019-03-28T09:30:42,C,209,169
2019-03-28T09:41:42,C,209,168
2019-03-28T09:52:42,C,209,171
2019-03-28T10:01:42,C,209,168
2019-03-28T10:11:42,C,209,168
2019-03-28T10:22:43,C,209,171
2019-03-28T10:32:43,C,209,169
2019-03-28T10:41:43,C,209,174
2019-03-28T10:50:43,C,209,174
2019-03-28T11:02:43,C,209,174
2019-03-28T11:11:43,C,209,174
2019-03-28T11:22:43,C,209,177
2019-03-28T11:32:43,C,209,179
2019-03-28T11:42:44,C,209,175
2019-03-28T11:52:44,C,209,173
2019-03-28T12:01:44,C,209,176
2019-03-28T12:11:44,C,209,174
2019-03-28T12:22:44,C,209,169
2019-03-28T12:32:44,C,209,170
2019-03-28T12:42:44,C,209,170
2019-03-28T12:52:45,C,209,171
2019-03-28T13:02:45,C,209,174
2019-03-28T13:11:45,C,209,176
2019-03-28T13:21:45,C,209,174
2019-03-28T13:32:45,C,209,171
2019-03-28T13:42:45,C,209,172
2019-03-28T13:52:45,C,209,170
2019-03-28T14:02:45,C,209,169
2019-03-28T14:13:46,C,209,172
2019-03-28T14:21:46,C,209,172
2019-03-28T14:31:46,C,209,174
2019-03-28T14:42:46,C,209,174
2019-03-28T14:52:46,C,209,171
2019-03-28T15:02:46,C,209,173
2019-03-28T15:12:46,C,209,171
2019-03-28T15:22:47,C,209,170
2019-03-28T15:31:47,C,209,168
2019-03-28T15:52:47,C,209,171
2019-03-28T16:03:47,C,209,173
2019-03-28T16:24:47,C,209,169
2019-03-28T16:43:48,C,209,169
2019-03-28T16:53:48,C,209,175
2019-03-28T17:03:48,C,209,166
2019-03-28T17:14:48,C,209,168
2019-03-28T17:23:48,C,209,171
2019-03-28T17:44:48,C,209,171
2019-03-28T17:53:49,C,209,166
2019-03-28T18:03:49,C,209,164
2019-03-28T18:13:49,C,209,166
2019-03-28T18:24:49,C,209,162
2019-03-28T18:34:49,C,209,162
2019-03-28T18:44:49,C,209,158
2019-03-28T18:54:49,C,209,150
2019-03-28T19:14:50,C,209,150
2019-03-28T19:24:50,C,209,149
2019-03-28T19:36:50,C,209,149
2019-03-28T19:45:50,C,209,140
2019-03-28T19:55:50,C,209,143
2019-03-28T20:05:50,C,209,137
2019-03-28T20:16:50,C,209,131
2019-03-28T20:24:51,C,209,128
2019-03-28T20:34:51,C,209,128
2019-03-28T20:45:51,C,209,126
2019-03-28T20:55:51,C,209,124
2019-03-28T21:06:51,C,209,123
2019-03-28T21:16:51,C,209,119
2019-03-28T21:26:51,C,209,115
2019-03-28T21:35:51,C,209,117
2019-03-28T21:45:52,C,209,113
2019-03-28T21:55:52,C,209,112
2019-03-28T22:06:52,C,209,115
2019-03-28T22:16:52,C,209,109
2019-03-28T22:26:52,C,209,102
2019-03-28T22:36:52,C,209,100
2019-03-28T22:45:52,C,209,99
2019-03-28T22:55:53,C,209,99
2019-03-28T23:05:53,C,209,97
2019-03-28T23:16:53,C,209,95
2019-03-28T23:26:53,C,209,93
2019-03-28T23:36:53,C,209,94
2019-03-28T23:46:53,C,209,94
2019-03-28T23:56:53,C,209,92
2019-03-29T00:05:53,C,209,93
2019-03-29T00:16:54,C,209,90
2019-03-29T00:25:54,C,209,89
2019-03-29T00:36:54,C,209,84
2019-03-29T00:46:54,C,209,85
2019-03-29T01:06:54,C,209,80
2019-03-29T01:16:54,C,209,79
2019-03-29T01:26:55,C,209,79
2019-03-29T01:36:55,C,209,79
2019-03-29T01:47:55,C,209,76
2019-03-29T01:57:55,C,209,77
2019-03-29T02:07:55,C,209,78
2019-03-29T02:17:55,C,209,77
2019-03-29T02:26:55,C,209,78
2019-03-29T02:36:56,C,209,79
2019-03-29T02:46:56,C,209,77
2019-03-29T02:57:56,C,209,75
2019-03-29T03:07:32,C,209,75
2019-03-29T03:17:32,C,209,74
2019-03-29T03:27:32,C,209,74
2019-03-29T03:36:33,C,209,77
2019-03-29T03:48:33,C,209,75
2019-03-29T03:58:33,C,209,75
2019-03-29T04:08:33,C,209,74
2019-03-29T04:17:33,C,209,73
2019-03-29T04:28:33,C,209,73
2019-03-29T04:37:33,C,209,73
2019-03-29T04:46:33,C,209,72
2019-03-29T04:58:34,C,209,72
2019-03-29T05:08:34,C,209,71
2019-03-29T05:18:34,C,209,72
2019-03-29T05:27:34,C,209,72
2019-03-29T05:37:34,C,209,74
2019-03-29T05:48:34,C,209,76
2019-03-29T05:57:35,C,209,78
2019-03-29T06:08:35,C,209,81
2019-03-29T06:17:35,C,209,80
2019-03-29T06:27:35,C,209,81
2019-03-29T06:38:35,C,209,83
2019-03-29T06:48:35,C,209,93
2019-03-29T06:58:35,C,209,96
2019-03-29T07:07:35,C,209,101
2019-03-29T07:17:35,C,209,110
2019-03-29T07:28:36,C,209,117
2019-03-29T07:38:36,C,209,122
2019-03-29T07:48:36,C,209,125
2019-03-29T07:58:36,C,209,123
2019-03-29T08:08:36,C,209,132
2019-03-29T08:18:36,C,209,149
2019-03-29T08:27:36,C,209,155
2019-03-29T08:38:37,C,209,157
2019-03-29T08:48:37,C,209,163
2019-03-29T08:59:37,C,209,171
2019-03-29T09:08:37,C,209,173
2019-03-29T09:19:37,C,209,173
2019-03-29T09:28:37,C,209,172
2019-03-29T09:37:37,C,209,173
2019-03-29T09:48:38,C,209,174
2019-03-29T09:59:38,C,209,172
2019-03-29T10:08:38,C,209,174
2019-03-29T10:19:38,C,209,174
2019-03-29T10:28:38,C,209,176
2019-03-29T10:39:38,C,209,178
2019-03-29T10:48:38,C,209,181
2019-03-29T10:57:38,C,209,184
2019-03-29T11:08:39,C,209,186
2019-03-29T11:19:39,C,209,184
2019-03-29T11:29:39,C,209,185
2019-03-29T11:38:39,C,209,188
2019-03-29T11:48:39,C,209,186
2019-03-29T11:58:39,C,209,183
2019-03-29T12:08:39,C,209,183
2019-03-29T12:18:40,C,209,184
2019-03-29T12:29:40,C,209,181
2019-03-29T12:38:40,C,209,179
2019-03-29T12:49:40,C,209,175
2019-03-29T12:59:40,C,209,176
2019-03-29T13:08:40,C,209,175
2019-03-29T13:17:40,C,209,178
2019-03-29T13:29:40,C,209,175
2019-03-29T13:39:41,C,209,177
2019-03-29T13:48:41,C,209,178
2019-03-29T13:59:41,C,209,179
2019-03-29T14:09:41,C,209,176
2019-03-29T14:19:41,C,209,180
2019-03-29T14:28:41,C,209,177
2019-03-29T14:38:41,C,209,175
2019-03-29T14:49:42,C,209,175
2019-03-29T14:59:42,C,209,173
2019-03-29T15:10:42,C,209,175
2019-03-29T15:19:42,C,209,170
2019-03-29T15:29:42,C,209,172
2019-03-29T15:39:42,C,209,174
2019-03-29T15:49:42,C,209,175
2019-03-29T15:59:42,C,209,175
2019-03-29T16:10:43,C,209,174
2019-03-29T16:20:43,C,209,176
2019-03-29T16:30:43,C,209,175
2019-03-29T16:39:43,C,209,174
2019-03-29T16:49:43,C,209,171
2019-03-29T16:59:43,C,209,165
2019-03-29T17:10:43,C,209,165
2019-03-29T17:20:44,C,209,163
2019-03-29T17:30:44,C,209,166
2019-03-29T17:40:44,C,209,166
2019-03-29T17:50:44,C,209,171
2019-03-29T17:59:44,C,209,173
2019-03-29T18:09:44,C,209,174
2019-03-29T18:19:44,C,209,173
2019-03-29T18:30:44,C,209,160
2019-03-29T18:40:45,C,209,153
2019-03-29T18:50:45,C,209,148
2019-03-29T19:00:45,C,209,146
2019-03-29T19:10:45,C,209,145
2019-03-29T19:19:45,C,209,151
2019-03-29T19:29:45,C,209,146
2019-03-29T19:40:46,C,209,145
2019-03-29T19:51:46,C,209,139
2019-03-29T20:00:46,C,209,139
2019-03-29T20:11:46,C,209,146
2019-03-29T20:20:46,C,209,142
2019-03-29T20:29:46,C,209,146
2019-03-29T20:40:46,C,209,141
2019-03-29T20:50:46,C,209,139
2019-03-29T21:00:47,C,209,143
2019-03-29T21:11:47,C,209,142
2019-03-29T21:20:47,C,209,147
2019-03-29T21:31:47,C,209,144
2019-03-29T21:39:47,C,209,142
2019-03-29T21:50:47,C,209,137
2019-03-29T21:59:47,C,209,134
2019-03-29T22:10:47,C,209,125
2019-03-29T22:20:47,C,209,120
2019-03-29T22:31:48,C,209,116
2019-03-29T22:41:48,C,209,118
2019-03-29T22:50:48,C,209,115
2019-03-29T22:59:48,C,209,113
2019-03-29T23:10:48,C,209,108
2019-03-29T23:21:48,C,209,108
2019-03-29T23:31:49,C,209,108
2019-03-29T23:41:49,C,209,106
2019-03-29T23:51:49,C,209,105
2019-03-30T00:00:49,C,209,98
2019-03-30T00:10:49,C,209,100
2019-03-30T00:20:49,C,209,100
2019-03-30T00:31:49,C,209,98
2019-03-30T00:41:49,C,209,97
2019-03-30T00:51:50,C,209,97
2019-03-30T01:02:50,C,209,94
2019-03-30T01:11:50,C,209,92
2019-03-30T01:21:50,C,209,89
2019-03-30T01:31:50,C,209,90
2019-03-30T01:41:50,C,209,89
2019-03-30T01:51:50,C,209,88
2019-03-30T02:01:50,C,209,87
2019-03-30T02:11:51,C,209,86
2019-03-30T02:21:51,C,209,86
2019-03-30T02:30:51,C,209,86
2019-03-30T02:40:51,C,209,84
2019-03-30T02:51:51,C,209,85
2019-03-30T03:02:46,C,209,85
2019-03-30T03:12:45,C,209,84
2019-03-30T03:21:46,C,209,83
2019-03-30T03:31:46,C,209,78
2019-03-30T03:41:46,C,209,79
2019-03-30T03:50:46,C,209,78
2019-03-30T04:01:46,C,209,77
2019-03-30T04:12:46,C,209,75
2019-03-30T04:22:46,C,209,72
2019-03-30T04:32:47,C,209,70
2019-03-30T04:42:47,C,209,71
2019-03-30T04:51:47,C,209,72
2019-03-30T05:01:47,C,209,72
2019-03-30T05:11:47,C,209,73
2019-03-30T05:22:47,C,209,71
2019-03-30T05:32:47,C,209,70
2019-03-30T05:42:48,C,209,75
2019-03-30T05:52:48,C,209,76
2019-03-30T06:02:48,C,209,77
2019-03-30T06:11:48,C,209,77
2019-03-30T06:21:48,C,209,77
2019-03-30T06:33:48,C,209,77
2019-03-30T06:42:48,C,209,81
2019-03-30T06:53:48,C,209,83
2019-03-30T07:02:49,C,209,85
2019-03-30T07:13:49,C,209,90
2019-03-30T07:21:49,C,209,89
2019-03-30T07:32:49,C,209,97
2019-03-30T07:41:49,C,209,99
2019-03-30T07:52:49,C,209,96
2019-03-30T08:03:49,C,209,100
2019-03-30T08:12:49,C,209,104
2019-03-30T08:22:50,C,209,109
2019-03-30T08:32:50,C,209,112
2019-03-30T08:42:50,C,209,113
2019-03-30T08:51:50,C,209,118
2019-03-30T09:03:50,C,209,123
2019-03-30T09:13:50,C,209,126
2019-03-30T09:23:50,C,209,130
2019-03-30T09:33:51,C,209,130
2019-03-30T09:42:51,C,209,133
2019-03-30T09:52:51,C,209,138
2019-03-30T10:01:51,C,209,153
2019-03-30T10:13:51,C,209,152
2019-03-30T10:23:51,C,209,155
2019-03-30T10:33:51,C,209,158
2019-03-30T10:44:52,C,209,162
2019-03-30T10:52:52,C,209,164
2019-03-30T11:01:52,C,209,160
2019-03-30T11:13:52,C,209,155
2019-03-30T11:22:52,C,209,151
2019-03-30T11:33:52,C,209,148
2019-03-30T11:44:52,C,209,149
2019-03-30T11:54:52,C,209,150
2019-03-30T12:04:53,C,209,155
2019-03-30T12:12:53,C,209,156
2019-03-30T12:22:53,C,209,152
2019-03-30T12:32:53,C,209,154
2019-03-30T12:44:53,C,209,156
2019-03-30T12:54:53,C,209,149
2019-03-30T13:04:53,C,209,150
2019-03-30T13:14:53,C,209,153
2019-03-30T13:23:54,C,209,156
2019-03-30T13:33:54,C,209,154
2019-03-30T13:43:54,C,209,151
2019-03-30T13:54:54,C,209,153
2019-03-30T14:04:54,C,209,151
2019-03-30T14:14:54,C,209,155
2019-03-30T14:24:54,C,209,149
2019-03-30T14:33:54,C,209,150
2019-03-30T14:43:55,C,209,141
2019-03-30T14:53:55,C,209,143
2019-03-30T15:03:55,C,209,144
2019-03-30T15:14:55,C,209,148
2019-03-30T15:24:55,C,209,149
2019-03-30T15:34:55,C,209,149
2019-03-30T15:43:55,C,209,145
2019-03-30T15:54:56,C,209,148
2019-03-30T16:04:56,C,209,143
2019-03-30T16:13:56,C,209,144
2019-03-30T16:25:56,C,209,146
2019-03-30T16:34:56,C,209,146
2019-03-30T16:45:56,C,209,138
2019-03-30T16:54:56,C,209,136
2019-03-30T17:03:57,C,209,133
2019-03-30T17:14:57,C,209,133
2019-03-30T17:24:57,C,209,124
2019-03-30T17:34:57,C,209,128
2019-03-30T17:44:57,C,209,129
2019-03-30T17:54:57,C,209,127
2019-03-30T18:05:57,C,209,128
2019-03-30T18:14:57,C,209,128
2019-03-30T18:24:58,C,209,126
2019-03-30T18:34:58,C,209,129
2019-03-30T18:44:58,C,209,127
2019-03-30T18:55:58,C,209,129
2019-03-30T19:05:58,C,209,126
2019-03-30T19:15:58,C,209,129
2019-03-30T19:24:58,C,209,131
2019-03-30T19:34:59,C,209,137
2019-03-30T19:44:59,C,209,135
2019-03-30T19:54:59,C,209,132
2019-03-30T20:05:59,C,209,126
2019-03-30T20:16:59,C,209,124
2019-03-30T20:25:59,C,209,122
2019-03-30T20:34:59,C,209,121
2019-03-30T20:45:59,C,209,116
2019-03-30T20:56:00,C,209,116
2019-03-30T21:05:00,C,209,120
2019-03-30T21:17:00,C,209,121
2019-03-30T21:26:00,C,209,111
2019-03-30T21:37:00,C,209,109
2019-03-30T21:46:00,C,209,112
2019-03-30T21:55:00,C,209,109
2019-03-30T22:06:01,C,209,111
2019-03-30T22:16:01,C,209,107
2019-03-30T22:25:01,C,209,107
2019-03-30T22:37:01,C,209,108
2019-03-30T22:47:01,C,209,108
2019-03-30T22:56:01,C,209,110
2019-03-30T23:06:01,C,209,110
2019-03-30T23:16:02,C,209,108
2019-03-30T23:26:02,C,209,106
2019-03-30T23:36:02,C,209,103
2019-03-30T23:47:02,C,209,104
2019-03-30T23:57:02,C,209,102
2019-03-31T00:07:02,C,209,101
2019-03-31T00:16:02,C,209,96
2019-03-31T00:26:02,C,209,94
2019-03-31T00:36:03,C,209,93
2019-03-31T00:46:03,C,209,93
2019-03-31T00:57:03,C,209,92
2019-03-31T01:07:03,C,209,91
2019-03-31T01:17:03,C,209,89
2019-03-31T01:25:03,C,209,87
2019-03-31T01:36:03,C,209,89
2019-03-31T01:46:03,C,209,86
2019-03-31T01:56:04,C,209,86
2019-03-31T02:08:04,C,209,86
2019-03-31T02:18:04,C,209,87
2019-03-31T02:28:04,C,209,87
2019-03-31T02:36:04,C,209,88
2019-03-31T02:46:04,C,209,88
2019-03-31T02:56:04,C,209,86
2019-03-31T03:07:31,C,209,84
2019-03-31T03:17:31,C,209,85
2019-03-31T03:26:31,C,209,84
2019-03-31T03:36:31,C,209,77
2019-03-31T03:46:31,C,209,75
2019-03-31T03:57:31,C,209,75
2019-03-31T04:06:32,C,209,74
2019-03-31T04:17:32,C,209,71
2019-03-31T04:27:32,C,209,71
2019-03-31T04:37:32,C,209,68
2019-03-31T04:47:32,C,209,67
2019-03-31T04:57:32,C,209,67
2019-03-31T05:07:32,C,209,66
2019-03-31T05:17:33,C,209,68
2019-03-31T05:27:33,C,209,67
2019-03-31T05:37:33,C,209,71
2019-03-31T05:47:33,C,209,72
2019-03-31T05:57:33,C,209,73
2019-03-31T06:08:33,C,209,74
2019-03-31T06:16:33,C,209,76
2019-03-31T06:28:33,C,209,75
2019-03-31T06:37:34,C,209,76
2019-03-31T06:48:34,C,209,79
2019-03-31T06:57:34,C,209,80
2019-03-31T07:08:34,C,209,80
2019-03-31T07:17:34,C,209,81
2019-03-31T07:27:34,C,209,81
2019-03-31T07:38:35,C,209,88
2019-03-31T07:48:35,C,209,88
2019-03-31T07:57:35,C,209,88
2019-03-31T08:08:35,C,209,89
2019-03-31T08:17:35,C,209,94
2019-03-31T08:27:35,C,209,95
2019-03-31T08:36:35,C,209,99
2019-03-31T08:42:35,C,209,99
2019-03-31T08:58:35,C,209,106
2019-03-31T09:08:36,C,209,105
2019-03-31T09:18:36,C,209,105
2019-03-31T09:28:36,C,209,111
2019-03-31T09:38:36,C,209,111
2019-03-31T09:47:36,C,209,115
2019-03-31T09:57:36,C,209,118
2019-03-31T10:08:36,C,209,117
2019-03-31T10:18:37,C,209,121
2019-03-31T10:28:37,C,209,120
2019-03-31T10:38:37,C,209,129
2019-03-31T10:48:37,C,209,135
2019-03-31T10:58:37,C,209,136
2019-03-31T11:07:37,C,209,136
2019-03-31T11:18:37,C,209,132
2019-03-31T11:28:37,C,209,130
2019-03-31T11:38:38,C,209,132
2019-03-31T11:48:38,C,209,131
2019-03-31T11:59:38,C,209,130
2019-03-31T12:09:38,C,209,137
2019-03-31T12:17:38,C,209,137
2019-03-31T12:28:38,C,209,132
2019-03-31T12:39:38,C,209,134
2019-03-31T12:48:38,C,209,130
2019-03-31T12:59:39,C,209,129
2019-03-31T13:08:39,C,209,132
2019-03-31T13:19:39,C,209,129
2019-03-31T13:27:39,C,209,129
2019-03-31T13:37:39,C,209,133
2019-03-31T13:49:39,C,209,129
2019-03-31T13:58:39,C,209,130
2019-03-31T14:09:40,C,209,131
2019-03-31T14:18:40,C,209,132
2019-03-31T14:29:40,C,209,132
2019-03-31T14:37:40,C,209,129
2019-03-31T14:48:40,C,209,122
2019-03-31T14:58:40,C,209,127
2019-03-31T15:09:40,C,209,120
2019-03-31T15:19:40,C,209,123
2019-03-31T15:29:41,C,209,124
2019-03-31T15:39:41,C,209,124
2019-03-31T15:48:41,C,209,125
2019-03-31T15:58:41,C,209,120
2019-03-31T16:09:41,C,209,120
2019-03-31T16:19:41,C,209,122
2019-03-31T16:29:41,C,209,127
2019-03-31T16:39:42,C,209,124
2019-03-31T16:49:42,C,209,123
2019-03-31T16:59:42,C,209,122
2019-03-31T17:09:42,C,209,120
2019-03-31T17:18:42,C,209,121
2019-03-31T17:29:42,C,209,118
2019-03-31T17:40:42,C,209,121
2019-03-31T17:49:43,C,209,122
2019-03-31T17:59:43,C,209,121
2019-03-31T18:09:46,C,209,120
2019-03-31T18:18:43,C,209,120
2019-03-31T18:29:43,C,209,124
2019-03-31T18:40:43,C,209,117
2019-03-31T18:49:43,C,209,118
2019-03-31T19:00:43,C,209,122
2019-03-31T19:09:44,C,209,124
2019-03-31T19:20:44,C,209,122
2019-03-31T19:29:44,C,209,120
2019-03-31T19:38:44,C,209,113
2019-03-31T19:50:44,C,209,115
2019-03-31T19:59:44,C,209,112
2019-03-31T20:10:44,C,209,107
2019-03-31T20:19:44,C,209,102
2019-03-31T20:30:45,C,209,103
2019-03-31T20:39:45,C,209,106
2019-03-31T20:50:45,C,209,105
2019-03-31T21:00:45,C,209,103
2019-03-31T21:09:45,C,209,107
2019-03-31T21:19:45,C,209,103
2019-03-31T21:29:45,C,209,97
2019-03-31T21:40:46,C,209,92
2019-03-31T21:50:46,C,209,93
2019-03-31T22:00:46,C,209,92
2019-03-31T22:10:46,C,209,89
2019-03-31T22:19:46,C,209,93
2019-03-31T22:29:46,C,209,87
2019-03-31T22:39:46,C,209,85
2019-03-31T22:50:46,C,209,82
2019-03-31T23:00:47,C,209,80
2019-03-31T23:10:47,C,209,83
2019-03-31T23:20:47,C,209,84
2019-03-31T23:30:47,C,209,81
2019-03-31T23:39:47,C,209,80
2019-03-31T23:50:47,C,209,78
2019-04-01T00:00:47,C,209,80
2019-04-01T00:11:48,C,209,79
2019-04-01T00:21:48,C,209,82
2019-04-01T00:31:48,C,209,80
2019-04-01T00:40:48,C,209,80
2019-04-01T00:50:48,C,209,78
2019-04-01T00:59:48,C,209,79
2019-04-01T01:10:48,C,209,77
2019-04-01T01:20:49,C,209,77
2019-04-01T01:31:49,C,209,73
2019-04-01T01:40:49,C,209,71
2019-04-01T01:51:49,C,209,72
2019-04-01T01:59:49,C,209,72
2019-04-01T02:10:49,C,209,70
2019-04-01T02:20:49,C,209,69
2019-04-01T02:30:49,C,209,69
2019-04-01T02:41:50,C,209,68
2019-04-01T02:51:50,C,209,67
2019-04-01T02:59:50,C,209,66
2019-04-01T03:10:33,C,209,66
2019-04-01T03:21:33,C,209,67
2019-04-01T03:31:33,C,209,76
2019-04-01T03:41:33,C,209,77
2019-04-01T03:51:34,C,209,77
2019-04-01T04:22:34,C,209,75
2019-04-01T04:32:34,C,209,74
2019-04-01T04:42:34,C,209,76
2019-04-01T04:52:34,C,209,76
2019-04-01T05:02:34,C,209,75
2019-04-01T05:13:35,C,209,75
2019-04-01T05:23:35,C,209,73
2019-04-01T05:32:35,C,209,76
2019-04-01T05:41:35,C,209,77
2019-04-01T05:53:35,C,209,79
2019-04-01T06:02:35,C,209,77
2019-04-01T06:13:35,C,209,81
2019-04-01T06:22:35,C,209,81
2019-04-01T06:33:36,C,209,85
2019-04-01T06:42:36,C,209,87
2019-04-01T06:51:36,C,209,94
2019-04-01T07:02:36,C,209,101
2019-04-01T07:12:36,C,209,109
2019-04-01T07:22:36,C,209,107
2019-04-01T07:32:37,C,209,115
2019-04-01T07:43:37,C,209,118
2019-04-01T07:53:37,C,209,120
2019-04-01T08:01:37,C,209,121
2019-04-01T08:12:37,C,209,130
2019-04-01T08:23:37,C,209,144
2019-04-01T08:33:37,C,209,151
2019-04-01T08:43:37,C,209,156
2019-04-01T08:53:38,C,209,160
2019-04-01T09:03:38,C,209,163
2019-04-01T09:12:38,C,209,166
2019-04-01T09:22:38,C,209,166
2019-04-01T09:33:38,C,209,167
2019-04-01T09:43:38,C,209,172
2019-04-01T09:53:38,C,209,177
2019-04-01T10:03:38,C,209,176
2019-04-01T10:13:39,C,209,176
2019-04-01T10:22:39,C,209,179
2019-04-01T10:32:39,C,209,178
2019-04-01T10:43:39,C,209,177
2019-04-01T10:54:39,C,209,177
2019-04-01T11:04:39,C,209,176
2019-04-01T11:13:39,C,209,173
2019-04-01T11:24:40,C,209,175
2019-04-01T11:34:40,C,209,182
2019-04-01T11:43:40,C,209,181
2019-04-01T11:54:40,C,209,181
2019-04-01T12:04:40,C,209,181
2019-04-01T12:14:40,C,209,184
2019-04-01T12:24:40,C,209,183
2019-04-01T12:34:40,C,209,178
2019-04-01T12:45:41,C,209,184
2019-04-01T12:54:41,C,209,180
2019-04-01T13:04:41,C,209,188
2019-04-01T13:14:41,C,209,183
2019-04-01T13:25:41,C,209,185
2019-04-01T13:35:41,C,209,184
2019-04-01T13:44:41,C,209,182
2019-04-01T13:55:42,C,209,184
2019-04-01T14:04:42,C,209,188
2019-04-01T14:14:42,C,209,185
2019-04-01T14:25:42,C,209,182
2019-04-01T14:34:42,C,209,182
2019-04-01T14:44:42,C,209,175
2019-04-01T14:55:42,C,209,177
2019-04-01T15:04:43,C,209,182
2019-04-01T15:14:43,C,209,186
2019-04-01T15:24:43,C,209,183
2019-04-01T15:35:43,C,209,178
2019-04-01T15:45:43,C,209,178
2019-04-01T15:55:43,C,209,178
2019-04-01T16:05:43,C,209,173
2019-04-01T16:15:43,C,209,177
2019-04-01T16:24:44,C,209,178
2019-04-01T16:35:44,C,209,175
2019-04-01T16:44:44,C,209,174
2019-04-01T16:55:44,C,209,171
2019-04-01T17:06:44,C,209,175
2019-04-01T17:15:44,C,209,166
2019-04-01T17:25:44,C,209,158
2019-04-01T17:35:44,C,209,169
2019-04-01T17:44:45,C,209,171
2019-04-01T17:55:45,C,209,167
2019-04-01T18:06:45,C,209,167
2019-04-01T18:16:45,C,209,162
2019-04-01T18:26:45,C,209,156
2019-04-01T18:36:45,C,209,162
2019-04-01T18:46:45,C,209,163
2019-04-01T18:55:45,C,209,152
2019-04-01T19:04:46,C,209,150
2019-04-01T19:16:46,C,209,145
2019-04-01T19:26:46,C,209,148
2019-04-01T19:36:46,C,209,144
2019-04-01T19:46:46,C,209,143
2019-04-01T19:56:46,C,209,146
2019-04-01T20:05:46,C,209,140
2019-04-01T20:15:47,C,209,139
2019-04-01T20:26:47,C,209,136
2019-04-01T20:36:47,C,209,143
2019-04-01T20:46:47,C,209,139
2019-04-01T20:57:47,C,209,137
2019-04-01T21:06:47,C,209,135
2019-04-01T21:15:47,C,209,139
2019-04-01T21:26:48,C,209,133
2019-04-01T21:36:48,C,209,132
2019-04-01T21:46:48,C,209,131
2019-04-01T21:57:48,C,209,125
2019-04-01T22:07:48,C,209,124
2019-04-01T22:16:48,C,209,121
2019-04-01T22:25:48,C,209,115
2019-04-01T22:35:48,C,209,112
2019-04-01T22:45:49,C,209,109
2019-04-01T22:56:49,C,209,108
2019-04-01T23:07:49,C,209,103
2019-04-01T23:18:49,C,209,101
2019-04-01T23:27:49,C,209,97
2019-04-01T23:37:49,C,209,98
2019-04-01T23:56:50,C,209,99
2019-04-02T00:08:50,C,209,100
2019-04-02T00:18:50,C,209,98
2019-04-02T00:28:50,C,209,97
2019-04-02T00:37:50,C,209,93
2019-04-02T00:58:50,C,209,90
2019-04-02T01:07:50,C,209,88
2019-04-02T01:18:51,C,209,86
2019-04-02T01:28:51,C,209,87
2019-04-02T01:39:51,C,209,88
2019-04-02T01:59:51,C,209,85
2019-04-02T02:19:51,C,209,85
2019-04-02T02:28:52,C,209,84
2019-04-02T02:39:52,C,209,84
2019-04-02T02:50:52,C,209,84
2019-04-02T02:59:52,C,209,83
2019-04-02T03:09:31,C,209,83
2019-04-02T03:19:31,C,209,82
2019-04-02T03:30:31,C,209,81
2019-04-02T03:40:31,C,209,78
2019-04-02T03:49:32,C,209,78
2019-04-02T04:10:32,C,209,79
2019-04-02T04:20:32,C,209,77
2019-04-02T04:29:32,C,209,76
2019-04-02T04:40:32,C,209,76
2019-04-02T04:50:32,C,209,76
2019-04-02T05:00:32,C,209,76
2019-04-02T05:21:33,C,209,75
2019-04-02T05:40:33,C,209,77
2019-04-02T06:02:33,C,209,85
2019-04-02T06:11:33,C,209,84
2019-04-02T06:21:34,C,209,87
2019-04-02T06:32:34,C,209,90
2019-04-02T06:42:34,C,209,91
2019-04-02T06:50:34,C,209,97
2019-04-02T07:12:34,C,209,114
2019-04-02T07:22:34,C,209,120
2019-04-02T07:43:35,C,209,121
2019-04-02T08:03:35,C,209,133
2019-04-02T08:12:35,C,209,138
2019-04-02T08:23:35,C,209,153
2019-04-02T08:33:35,C,209,152
2019-04-02T09:05:36,C,209,175
2019-04-02T09:14:36,C,209,173
2019-04-02T09:24:36,C,209,170
2019-04-02T09:34:36,C,209,170
2019-04-02T09:44:36,C,209,169
2019-04-02T09:54:36,C,209,168
2019-04-02T10:05:36,C,209,168
2019-04-02T10:14:37,C,209,170
2019-04-02T10:24:37,C,209,169
2019-04-02T10:34:37,C,209,173
2019-04-02T10:44:37,C,209,170
2019-04-02T10:53:37,C,209,172
2019-04-02T11:15:37,C,209,168
2019-04-02T11:25:38,C,209,174
2019-04-02T11:35:38,C,209,178
2019-04-02T11:45:38,C,209,179
2019-04-02T11:55:38,C,209,177
2019-04-02T12:05:38,C,209,178
2019-04-02T12:15:38,C,209,179
2019-04-02T12:25:38,C,209,187
2019-04-02T12:35:38,C,209,179
2019-04-02T12:45:39,C,209,176
2019-04-02T12:55:39,C,209,172
2019-04-02T13:05:39,C,209,176
2019-04-02T13:14:39,C,209,175
2019-04-02T13:24:39,C,209,172
2019-04-02T13:35:39,C,209,175
2019-04-02T13:46:39,C,209,174
2019-04-02T14:06:40,C,209,171
2019-04-02T14:16:40,C,209,163
2019-04-02T14:26:40,C,209,167
2019-04-02T14:36:40,C,209,167
2019-04-02T14:46:40,C,209,174
2019-04-02T14:56:40,C,209,171
2019-04-02T15:15:41,C,209,170
2019-04-02T15:26:41,C,209,170
2019-04-02T15:36:41,C,209,175
2019-04-02T15:47:41,C,209,168
2019-04-02T15:57:41,C,209,168
2019-04-02T16:07:41,C,209,169
2019-04-02T16:15:41,C,209,165
2019-04-02T16:26:42,C,209,171
2019-04-02T16:36:42,C,209,173
2019-04-02T16:47:42,C,209,170
2019-04-02T16:57:42,C,209,168
2019-04-02T17:06:42,C,209,164
2019-04-02T17:17:42,C,209,165
2019-04-02T17:26:42,C,209,161
2019-04-02T17:36:42,C,209,160
2019-04-02T17:47:43,C,209,159
2019-04-02T17:57:43,C,209,160
2019-04-02T18:07:43,C,209,160
2019-04-02T18:17:43,C,209,156
2019-04-02T18:27:43,C,209,155
2019-04-02T18:37:43,C,209,151
2019-04-02T18:47:44,C,209,149
2019-04-02T18:56:44,C,209,145
2019-04-02T19:07:44,C,209,141
2019-04-02T19:17:44,C,209,141
2019-04-02T19:38:44,C,209,130
2019-04-02T19:48:44,C,209,134
2019-04-02T19:57:45,C,209,133
2019-04-02T20:07:45,C,209,129
2019-04-02T20:18:45,C,209,130
2019-04-02T20:28:45,C,209,126
2019-04-02T20:38:45,C,209,124
2019-04-02T20:48:45,C,209,120
2019-04-02T20:58:45,C,209,113
2019-04-02T21:07:45,C,209,117
2019-04-02T21:17:45,C,209,122
2019-04-02T21:28:46,C,209,116
2019-04-02T21:38:46,C,209,108
2019-04-02T21:48:46,C,209,107
2019-04-02T21:58:46,C,209,109
2019-04-02T22:09:46,C,209,106
2019-04-02T22:17:46,C,209,104
2019-04-02T22:27:46,C,209,102
2019-04-02T22:38:46,C,209,95
2019-04-02T22:49:47,C,209,92
2019-04-02T22:59:47,C,209,91
2019-04-02T23:09:47,C,209,86
2019-04-02T23:19:47,C,209,89
2019-04-02T23:29:47,C,209,86
2019-04-02T23:38:47,C,209,87
2019-04-02T23:48:47,C,209,82
2019-04-02T23:59:48,C,209,76
2019-04-03T00:09:48,C,209,80
2019-04-03T00:20:48,C,209,78
2019-04-03T00:29:48,C,209,79
2019-04-03T00:48:48,C,209,77
2019-04-03T00:59:48,C,209,76
2019-04-03T01:10:49,C,209,77
2019-04-03T01:20:49,C,209,76
2019-04-03T01:30:49,C,209,75
2019-04-03T01:40:49,C,209,76
2019-04-03T01:50:49,C,209,75
2019-04-03T01:59:49,C,209,76
2019-04-03T02:09:49,C,209,75
2019-04-03T02:19:49,C,209,71
2019-04-03T02:30:50,C,209,73
2019-04-03T02:40:50,C,209,72
2019-04-03T02:50:50,C,209,74
2019-04-03T02:59:50,C,209,73
2019-04-03T03:09:32,C,209,73
2019-04-03T03:20:32,C,209,71
2019-04-03T03:30:32,C,209,78
2019-04-03T03:40:32,C,209,76
2019-04-03T03:51:32,C,209,75
2019-04-03T04:00:33,C,209,76
2019-04-03T04:10:33,C,209,75
2019-04-03T04:20:33,C,209,76
2019-04-03T04:31:33,C,209,76
2019-04-03T04:40:33,C,209,76
2019-04-03T04:51:33,C,209,74
2019-04-03T05:00:33,C,209,77
2019-04-03T05:10:33,C,209,78
2019-04-03T05:20:34,C,209,78
2019-04-03T05:30:34,C,209,76
2019-04-03T05:40:34,C,209,79
2019-04-03T06:01:34,C,209,87
2019-04-03T06:11:34,C,209,86
2019-04-03T06:21:34,C,209,87
2019-04-03T06:51:35,C,209,99
2019-04-03T07:02:35,C,209,102
2019-04-03T07:12:35,C,209,108
2019-04-03T07:21:35,C,209,115
2019-04-03T07:32:35,C,209,118
2019-04-03T07:42:36,C,209,122
2019-04-03T07:52:36,C,209,126
2019-04-03T08:01:36,C,209,127
2019-04-03T08:12:36,C,209,143
2019-04-03T08:22:36,C,209,152
2019-04-03T08:32:36,C,209,155
2019-04-03T08:42:36,C,209,164
2019-04-03T08:52:36,C,209,169
2019-04-03T09:11:37,C,209,173
2019-04-03T09:23:37,C,209,173
2019-04-03T09:33:37,C,209,178
2019-04-03T09:43:37,C,209,173
2019-04-03T09:53:37,C,209,177
2019-04-03T10:13:37,C,209,177
2019-04-03T10:22:38,C,209,177
2019-04-03T10:34:38,C,209,177
2019-04-03T10:44:38,C,209,177
2019-04-03T10:53:38,C,209,177
2019-04-03T11:01:38,C,209,177
2019-04-03T11:13:59,C,209,139
2019-04-03T11:23:59,C,209,142
2019-04-03T11:33:59,C,209,141
2019-04-03T11:33:59,C,209,141
2019-04-03T11:33:59,C,209,141
2019-04-03T11:33:59,C,209,141
2019-04-03T12:15:00,C,209,135
2019-04-03T12:25:00,C,209,137
2019-04-03T12:34:00,C,209,139
2019-04-03T12:44:00,C,209,135
2019-04-03T12:54:00,C,209,130
2019-04-03T13:04:00,C,209,132
2019-04-03T13:14:00,C,209,135
2019-04-03T13:24:01,C,209,136
2019-04-03T13:35:01,C,209,136
2019-04-03T13:45:01,C,209,136
2019-04-03T13:55:01,C,209,136
2019-04-03T14:04:01,C,209,133
2019-04-03T14:14:01,C,209,137
2019-04-03T14:24:01,C,209,140
2019-04-03T14:34:02,C,209,140
2019-04-03T14:45:02,C,209,135
2019-04-03T14:55:02,C,209,132
2019-04-03T15:05:02,C,209,131
2019-04-03T15:14:02,C,209,132
2019-04-03T15:24:02,C,209,133
2019-04-03T15:34:02,C,209,136
2019-04-03T15:44:02,C,209,138
2019-04-03T15:55:03,C,209,136
2019-04-03T16:05:03,C,209,138
2019-04-03T16:16:03,C,209,138
2019-04-03T16:24:03,C,209,139
2019-04-03T16:34:03,C,209,138
2019-04-03T16:44:03,C,209,135
2019-04-03T16:55:03,C,209,131
2019-04-03T17:04:04,C,209,130
2019-04-03T17:15:04,C,209,125
2019-04-03T17:25:04,C,209,118
2019-04-03T17:34:04,C,209,119
2019-04-03T17:44:04,C,209,117
2019-04-03T17:55:04,C,209,112
2019-04-03T18:04:04,C,209,111
2019-04-03T18:14:05,C,209,110
2019-04-03T18:25:05,C,209,109
2019-04-03T18:35:05,C,209,110
2019-04-03T18:45:05,C,209,104
2019-04-03T18:55:05,C,209,100
2019-04-03T19:04:05,C,209,96
2019-04-03T19:15:05,C,209,99
2019-04-03T19:25:05,C,209,100
2019-04-03T19:35:06,C,209,96
2019-04-03T19:46:06,C,209,96
2019-04-03T19:55:06,C,209,96
2019-04-03T20:05:06,C,209,96
2019-04-03T20:15:06,C,209,96
2019-04-03T20:25:06,C,209,90
2019-04-03T20:34:06,C,209,92
2019-04-03T20:45:06,C,209,90
2019-04-03T20:56:07,C,209,85
2019-04-03T21:06:07,C,209,87
2019-04-03T21:15:07,C,209,84
2019-04-03T21:25:07,C,209,80
2019-04-03T21:35:07,C,209,73
2019-04-03T21:45:07,C,209,77
2019-04-03T21:55:07,C,209,76
2019-04-03T22:06:08,C,209,65
2019-04-03T22:17:08,C,209,62
2019-04-03T22:25:08,C,209,62
2019-04-03T22:36:08,C,209,60
2019-04-03T22:45:08,C,209,58
2019-04-03T22:55:08,C,209,56
2019-04-03T23:05:08,C,209,56
2019-04-03T23:16:08,C,209,52
2019-04-03T23:26:09,C,209,52
2019-04-03T23:36:09,C,209,49
2019-04-03T23:45:09,C,209,46
2019-04-03T23:56:09,C,209,48
2019-04-04T00:05:09,C,209,47
2019-04-04T00:16:09,C,209,47
2019-04-04T00:26:09,C,209,44
2019-04-04T00:36:10,C,209,45
2019-04-04T00:46:10,C,209,44
2019-04-04T00:55:10,C,209,39
2019-04-04T01:06:10,C,209,36
2019-04-04T01:15:10,C,209,35
2019-04-04T01:26:10,C,209,36
2019-04-04T01:36:10,C,209,38
2019-04-04T01:47:11,C,209,38
2019-04-04T01:56:11,C,209,39
2019-04-04T02:06:11,C,209,39
2019-04-04T02:16:11,C,209,37
2019-04-04T02:26:11,C,209,36
2019-04-04T02:36:11,C,209,36
2019-04-04T02:46:11,C,209,36
2019-04-04T02:56:11,C,209,37
2019-04-04T03:06:41,C,209,37
2019-04-04T03:15:41,C,209,37
2019-04-04T03:25:41,C,209,37
2019-04-04T03:36:41,C,209,77
2019-04-04T03:46:41,C,209,75
2019-04-04T03:56:41,C,209,76
2019-04-04T04:06:41,C,209,75
2019-04-04T04:16:42,C,209,75
2019-04-04T04:26:42,C,209,75
2019-04-04T04:35:42,C,209,74
2019-04-04T04:46:42,C,209,73
2019-04-04T04:57:42,C,209,75
2019-04-04T05:07:42,C,209,73
2019-04-04T05:17:42,C,209,72
2019-04-04T05:26:43,C,209,73
2019-04-04T05:36:43,C,209,76
2019-04-04T05:45:43,C,209,80
2019-04-04T05:55:43,C,209,83
2019-04-04T06:07:43,C,209,84
2019-04-04T06:17:43,C,209,85
2019-04-04T06:26:43,C,209,86
2019-04-04T06:36:43,C,209,88
2019-04-04T06:46:44,C,209,91
2019-04-04T06:55:44,C,209,98
2019-04-04T07:05:44,C,209,105
2019-04-04T07:16:44,C,209,117
2019-04-04T07:27:44,C,209,118
2019-04-04T07:36:44,C,209,120
2019-04-04T07:47:44,C,209,122
2019-04-04T07:57:45,C,209,123
2019-04-04T08:06:45,C,209,130
2019-04-04T08:15:45,C,209,140
2019-04-04T08:27:45,C,209,144
2019-04-04T08:37:45,C,209,148
2019-04-04T08:47:45,C,209,153
2019-04-04T08:56:45,C,209,158
2019-04-04T09:07:45,C,209,164
2019-04-04T09:15:46,C,209,164
2019-04-04T09:26:46,C,209,162
2019-04-04T09:36:46,C,209,165
2019-04-04T09:47:46,C,209,170
2019-04-04T09:57:46,C,209,172
2019-04-04T10:07:46,C,209,175
2019-04-04T10:18:46,C,209,174
2019-04-04T10:26:46,C,209,176
2019-04-04T10:36:47,C,209,172
2019-04-04T10:46:47,C,209,174
2019-04-04T10:57:47,C,209,174
2019-04-04T11:07:47,C,209,176
2019-04-04T11:17:47,C,209,178
2019-04-04T11:28:47,C,209,181
2019-04-04T11:37:47,C,209,182
2019-04-04T11:46:48,C,209,181
2019-04-04T11:56:48,C,209,175
2019-04-04T12:07:48,C,209,175
2019-04-04T12:17:48,C,209,174
2019-04-04T12:27:48,C,209,173
2019-04-04T12:37:48,C,209,173
2019-04-04T12:48:48,C,209,172
2019-04-04T12:56:48,C,209,173
2019-04-04T13:07:49,C,209,174
2019-04-04T13:16:49,C,209,180
2019-04-04T13:27:49,C,209,175
2019-04-04T13:38:49,C,209,174
2019-04-04T13:48:49,C,209,175
2019-04-04T13:58:49,C,209,173
2019-04-04T14:07:49,C,209,172
2019-04-04T14:17:50,C,209,175
2019-04-04T14:27:50,C,209,173
2019-04-04T14:38:50,C,209,176
2019-04-04T14:48:50,C,209,176
2019-04-04T14:58:50,C,209,176
2019-04-04T15:08:51,C,209,175
2019-04-04T15:17:50,C,209,172
2019-04-04T15:26:50,C,209,170
2019-04-04T15:37:51,C,209,168
2019-04-04T15:48:51,C,209,165
2019-04-04T15:58:51,C,209,164
2019-04-04T16:08:51,C,209,164
2019-04-04T16:18:51,C,209,164
2019-04-04T16:28:51,C,209,162
2019-04-04T16:38:51,C,209,159
2019-04-04T16:47:52,C,209,159
2019-04-04T16:57:52,C,209,158
2019-04-04T17:08:52,C,209,152
2019-04-04T17:18:52,C,209,157
2019-04-04T17:29:52,C,209,157
2019-04-04T17:37:52,C,209,160
2019-04-04T17:49:52,C,209,155
2019-04-04T17:59:53,C,209,151
2019-04-04T18:09:53,C,209,149
2019-04-04T18:19:53,C,209,143
2019-04-04T18:27:53,C,209,144
2019-04-04T18:37:53,C,209,139
2019-04-04T18:48:53,C,209,139
2019-04-04T18:57:53,C,209,137
2019-04-04T19:08:53,C,209,140
2019-04-04T19:18:54,C,209,141
2019-04-04T19:29:54,C,209,140
2019-04-04T19:39:54,C,209,138
2019-04-04T19:47:54,C,209,137
2019-04-04T19:58:54,C,209,136
2019-04-04T20:08:54,C,209,131
2019-04-04T20:19:54,C,209,126
2019-04-04T20:29:55,C,209,118
2019-04-04T20:39:55,C,209,118
2019-04-04T20:49:55,C,209,116
2019-04-04T20:58:55,C,209,110
2019-04-04T21:08:55,C,209,116
2019-04-04T21:18:55,C,209,112
2019-04-04T21:29:55,C,209,107
2019-04-04T21:39:55,C,209,102
2019-04-04T21:49:56,C,209,103
2019-04-04T21:59:56,C,209,98
2019-04-04T22:08:56,C,209,102
2019-04-04T22:18:56,C,209,103
2019-04-04T22:28:56,C,209,96
2019-04-04T22:38:56,C,209,96
2019-04-04T22:49:56,C,209,96
2019-04-04T23:00:56,C,209,97
2019-04-04T23:09:57,C,209,97
2019-04-04T23:18:57,C,209,91
2019-04-04T23:28:57,C,209,90
2019-04-04T23:39:57,C,209,87
2019-04-04T23:49:57,C,209,87
2019-04-04T23:59:57,C,209,88
2019-04-05T00:10:57,C,209,88
2019-04-05T00:20:58,C,209,88
2019-04-05T00:28:58,C,209,88
2019-04-05T00:38:58,C,209,87
2019-04-05T00:48:58,C,209,86
2019-04-05T00:59:58,C,209,86
2019-04-05T01:10:58,C,209,85
2019-04-05T01:20:58,C,209,85
2019-04-05T01:29:59,C,209,83
2019-04-05T01:40:59,C,209,82
2019-04-05T01:48:59,C,209,82
2019-04-05T01:58:59,C,209,82
2019-04-05T02:09:59,C,209,80
2019-04-05T02:19:59,C,209,79
2019-04-05T02:30:59,C,209,79
2019-04-05T02:40:59,C,209,79
2019-04-05T02:51:00,C,209,79
2019-04-05T03:00:00,C,209,78
2019-04-05T03:10:30,C,209,77
2019-04-05T03:20:30,C,209,77
2019-04-05T03:30:30,C,209,78
2019-04-05T03:40:30,C,209,77
2019-04-05T03:50:30,C,209,76
2019-04-05T04:00:31,C,209,74
2019-04-05T04:09:31,C,209,74
2019-04-05T04:20:31,C,209,74
2019-04-05T04:30:31,C,209,74
2019-04-05T04:40:31,C,209,74
2019-04-05T04:51:31,C,209,74
2019-04-05T05:01:31,C,209,75
2019-04-05T05:10:31,C,209,75
2019-04-05T05:19:31,C,209,75
2019-04-05T05:31:32,C,209,76
2019-04-05T05:40:32,C,209,78
2019-04-05T05:51:32,C,209,84
2019-04-05T06:01:32,C,209,86
2019-04-05T06:10:32,C,209,84
2019-04-05T06:20:32,C,209,85
2019-04-05T06:29:32,C,209,91
2019-04-05T06:40:33,C,209,91
2019-04-05T06:50:33,C,209,96
2019-04-05T07:01:33,C,209,104
2019-04-05T07:10:33,C,209,115
2019-04-05T07:21:33,C,209,116
2019-04-05T07:30:33,C,209,118
2019-04-05T07:40:33,C,209,123
2019-04-05T07:50:34,C,209,126
2019-04-05T08:00:34,C,209,133
2019-04-05T08:10:34,C,209,138
2019-04-05T08:21:34,C,209,149
2019-04-05T08:31:34,C,209,159
2019-04-05T08:40:34,C,209,158
2019-04-05T08:51:34,C,209,164
2019-04-05T09:00:34,C,209,162
2019-04-05T09:10:35,C,209,169
2019-04-05T09:21:35,C,209,171
2019-04-05T09:31:35,C,209,176
2019-04-05T09:41:35,C,209,176
2019-04-05T09:51:35,C,209,175
2019-04-05T10:01:35,C,209,169
2019-04-05T10:11:35,C,209,171
2019-04-05T10:21:36,C,209,169
2019-04-05T10:31:36,C,209,173
2019-04-05T10:41:36,C,209,177
2019-04-05T10:52:36,C,209,179
2019-04-05T11:01:36,C,209,179
2019-04-05T11:12:36,C,209,176
2019-04-05T11:21:36,C,209,173
2019-04-05T11:31:36,C,209,169
2019-04-05T11:41:37,C,209,175
2019-04-05T11:50:37,C,209,177
2019-04-05T12:00:37,C,209,172
2019-04-05T12:12:37,C,209,173
2019-04-05T12:21:37,C,209,172
2019-04-05T12:31:37,C,209,174
2019-04-05T12:42:37,C,209,175
2019-04-05T12:52:38,C,209,177
2019-04-05T13:01:38,C,209,175
2019-04-05T13:11:38,C,209,175
2019-04-05T13:22:38,C,209,175
2019-04-05T13:32:38,C,209,180
2019-04-05T13:42:38,C,209,182
2019-04-05T13:51:38,C,209,184
2019-04-05T14:01:38,C,209,179
2019-04-05T14:12:39,C,209,172
2019-04-05T14:20:39,C,209,169
2019-04-05T14:32:39,C,209,165
2019-04-05T14:42:39,C,209,171
2019-04-05T14:52:39,C,209,171
2019-04-05T15:02:39,C,209,168
2019-04-05T15:12:39,C,209,173
2019-04-05T15:22:40,C,209,168
2019-04-05T15:31:40,C,209,168
2019-04-05T15:41:40,C,209,170
2019-04-05T15:52:40,C,209,167
2019-04-05T16:02:40,C,209,165
2019-04-05T16:12:40,C,209,163
2019-04-05T16:22:41,C,209,167
2019-04-05T16:32:40,C,209,171
2019-04-05T16:41:41,C,209,171
2019-04-05T16:51:41,C,209,171
2019-04-05T17:02:41,C,209,167
2019-04-05T17:12:41,C,209,170
2019-04-05T17:22:41,C,209,169
2019-04-05T17:32:41,C,209,171
2019-04-05T17:42:41,C,209,167
2019-04-05T17:51:41,C,209,165
2019-04-05T18:01:42,C,209,162
2019-04-05T18:13:42,C,209,161
2019-04-05T18:22:42,C,209,158
2019-04-05T18:32:42,C,209,148
2019-04-05T18:42:42,C,209,145
2019-04-05T18:52:42,C,209,145
2019-04-05T19:02:42,C,209,142
2019-04-05T19:11:43,C,209,142
2019-04-05T19:22:43,C,209,134
2019-04-05T19:33:43,C,209,132
2019-04-05T19:42:43,C,209,129
2019-04-05T19:53:43,C,209,126
2019-04-05T20:03:43,C,209,134
2019-04-05T20:13:43,C,209,135
2019-04-05T20:21:43,C,209,139
2019-04-05T20:32:44,C,209,134
2019-04-05T20:43:44,C,209,129
2019-04-05T20:53:44,C,209,124
2019-04-05T21:03:44,C,209,130
2019-04-05T21:13:44,C,209,123
2019-04-05T21:23:44,C,209,126
2019-04-05T21:32:44,C,209,127
2019-04-05T21:42:45,C,209,122
2019-04-05T21:53:45,C,209,122
2019-04-05T22:03:45,C,209,126
2019-04-05T22:13:45,C,209,121
2019-04-05T22:24:45,C,209,116
2019-04-05T22:33:45,C,209,118
2019-04-05T22:42:45,C,209,119
2019-04-05T22:52:46,C,209,118
2019-04-05T23:02:46,C,209,116
2019-04-05T23:13:46,C,209,115
2019-04-05T23:23:46,C,209,108
2019-04-05T23:33:46,C,209,108
2019-04-05T23:43:46,C,209,105
2019-04-05T23:52:46,C,209,103
2019-04-06T00:02:46,C,209,100
2019-04-06T00:13:47,C,209,100
2019-04-06T00:24:47,C,209,98
2019-04-06T00:33:47,C,209,94
2019-04-06T00:43:47,C,209,91
2019-04-06T00:53:47,C,209,90
2019-04-06T01:03:47,C,209,90
2019-04-06T01:12:47,C,209,93
2019-04-06T01:23:47,C,209,92
2019-04-06T01:33:48,C,209,91
2019-04-06T01:44:48,C,209,89
2019-04-06T01:53:48,C,209,87
2019-04-06T02:04:48,C,209,85
2019-04-06T02:14:48,C,209,84
2019-04-06T02:23:48,C,209,82
2019-04-06T02:33:48,C,209,84
2019-04-06T02:43:49,C,209,82
2019-04-06T02:54:49,C,209,81
2019-04-06T03:04:24,C,209,86
2019-04-06T03:14:24,C,209,85
2019-04-06T03:24:24,C,209,85
2019-04-06T03:34:25,C,209,78
2019-04-06T03:44:25,C,209,78
2019-04-06T03:54:25,C,209,76
2019-04-06T04:04:25,C,209,75
2019-04-06T04:14:25,C,209,73
2019-04-06T04:24:25,C,209,73
2019-04-06T04:34:25,C,209,71
2019-04-06T04:44:25,C,209,71
2019-04-06T04:54:26,C,209,71
2019-04-06T05:04:26,C,209,71
2019-04-06T05:15:26,C,209,71
2019-04-06T05:24:26,C,209,71
2019-04-06T05:35:26,C,209,69
2019-04-06T05:45:26,C,209,75
2019-04-06T05:54:26,C,209,73
2019-04-06T06:04:27,C,209,74
2019-04-06T06:14:27,C,209,72
2019-04-06T06:24:27,C,209,72
2019-04-06T06:34:27,C,209,72
2019-04-06T06:44:27,C,209,77
2019-04-06T06:54:27,C,209,80
2019-04-06T07:04:27,C,209,80
2019-04-06T07:14:27,C,209,81
2019-04-06T07:24:28,C,209,86
2019-04-06T07:34:28,C,209,87
2019-04-06T07:45:28,C,209,96
2019-04-06T07:55:28,C,209,98
2019-04-06T08:05:28,C,209,102
2019-04-06T08:14:28,C,209,101
2019-04-06T08:25:29,C,209,104
2019-04-06T08:35:29,C,209,107
2019-04-06T08:45:29,C,209,112
2019-04-06T08:55:29,C,209,116
2019-04-06T09:05:29,C,209,118
2019-04-06T09:15:29,C,209,121
2019-04-06T09:25:29,C,209,128
2019-04-06T09:34:29,C,209,129
2019-04-06T09:45:29,C,209,137
2019-04-06T09:55:30,C,209,142
2019-04-06T10:05:30,C,209,146
2019-04-06T10:15:30,C,209,145
2019-04-06T10:25:30,C,209,148
2019-04-06T10:36:30,C,209,149
2019-04-06T10:44:30,C,209,148
2019-04-06T10:55:30,C,209,147
2019-04-06T11:05:30,C,209,152
2019-04-06T11:15:31,C,209,149
2019-04-06T11:25:31,C,209,148
2019-04-06T11:35:31,C,209,154
2019-04-06T11:45:31,C,209,152
2019-04-06T11:55:31,C,209,155
2019-04-06T12:05:31,C,209,157
2019-04-06T12:15:31,C,209,155
2019-04-06T12:26:32,C,209,157
2019-04-06T12:35:32,C,209,159
2019-04-06T12:45:32,C,209,160
2019-04-06T12:55:32,C,209,162
2019-04-06T13:06:32,C,209,159
2019-04-06T13:15:32,C,209,151
2019-04-06T13:26:32,C,209,152
2019-04-06T13:35:32,C,209,156
2019-04-06T13:46:33,C,209,158
2019-04-06T13:56:33,C,209,157
2019-04-06T14:05:33,C,209,154
2019-04-06T14:16:33,C,209,155
2019-04-06T14:25:33,C,209,152
2019-04-06T14:35:33,C,209,143
2019-04-06T14:46:33,C,209,145
2019-04-06T14:56:34,C,209,143
2019-04-06T15:05:34,C,209,140
2019-04-06T15:16:34,C,209,140
2019-04-06T15:26:34,C,209,137
2019-04-06T15:35:34,C,209,137
2019-04-06T15:46:34,C,209,134
2019-04-06T15:56:34,C,209,132
2019-04-06T16:06:35,C,209,132
2019-04-06T16:16:35,C,209,125
2019-04-06T16:26:35,C,209,133
2019-04-06T16:36:35,C,209,128
2019-04-06T16:46:35,C,209,130
2019-04-06T16:55:35,C,209,133
2019-04-06T17:06:35,C,209,135
2019-04-06T17:16:35,C,209,131
2019-04-06T17:26:36,C,209,129
2019-04-06T17:36:36,C,209,133
2019-04-06T17:46:36,C,209,133
2019-04-06T17:57:36,C,209,134
2019-04-06T18:06:36,C,209,139
2019-04-06T18:17:36,C,209,142
2019-04-06T18:26:36,C,209,143
2019-04-06T18:36:36,C,209,137
2019-04-06T18:47:37,C,209,134
2019-04-06T18:57:37,C,209,137
2019-04-06T19:06:37,C,209,130
2019-04-06T19:15:37,C,209,136
2019-04-06T19:26:37,C,209,131
2019-04-06T19:36:37,C,209,123
2019-04-06T19:47:37,C,209,121
2019-04-06T19:57:38,C,209,119
2019-04-06T20:06:38,C,209,115
2019-04-06T20:17:38,C,209,111
2019-04-06T20:26:38,C,209,109
2019-04-06T20:36:38,C,209,112
2019-04-06T20:46:38,C,209,113
2019-04-06T20:56:38,C,209,114
2019-04-06T21:07:39,C,209,113
2019-04-06T21:17:39,C,209,113
2019-04-06T21:27:39,C,209,111
2019-04-06T21:36:39,C,209,110
2019-04-06T21:46:39,C,209,105
2019-04-06T21:57:39,C,209,102
2019-04-06T22:07:39,C,209,102
2019-04-06T22:17:39,C,209,92
2019-04-06T22:27:40,C,209,95
2019-04-06T22:37:40,C,209,95
2019-04-06T22:47:40,C,209,94
2019-04-06T22:56:40,C,209,92
2019-04-06T23:07:40,C,209,92
2019-04-06T23:17:40,C,209,92
2019-04-06T23:27:40,C,209,90
2019-04-06T23:37:41,C,209,88
2019-04-06T23:47:41,C,209,87
2019-04-06T23:58:41,C,209,88
2019-04-07T00:06:41,C,209,84
2019-04-07T00:17:41,C,209,81
2019-04-07T00:28:41,C,209,80
2019-04-07T00:37:41,C,209,79
2019-04-07T00:47:41,C,209,82
2019-04-07T00:58:42,C,209,79
2019-04-07T01:08:42,C,209,80
2019-04-07T01:16:42,C,209,79
2019-04-07T01:26:42,C,209,78
2019-04-07T01:38:42,C,209,77
2019-04-07T01:48:42,C,209,77
2019-04-07T01:58:42,C,209,76
2019-04-07T02:07:42,C,209,76
2019-04-07T02:18:43,C,209,75
2019-04-07T02:27:43,C,209,74
2019-04-07T02:37:43,C,209,75
2019-04-07T02:48:43,C,209,73
2019-04-07T02:58:43,C,209,69
2019-04-07T03:07:38,C,209,72
2019-04-07T03:17:38,C,209,72
2019-04-07T03:27:38,C,209,71
2019-04-07T03:37:38,C,209,78
2019-04-07T03:47:38,C,209,77
2019-04-07T03:58:39,C,209,77
2019-04-07T04:08:39,C,209,78
2019-04-07T04:18:39,C,209,76
2019-04-07T04:28:39,C,209,75
2019-04-07T04:38:39,C,209,75
2019-04-07T04:48:39,C,209,74
2019-04-07T04:57:39,C,209,76
2019-04-07T05:09:40,C,209,77
2019-04-07T05:18:40,C,209,77
2019-04-07T05:28:40,C,209,75
2019-04-07T05:39:40,C,209,79
2019-04-07T05:49:40,C,209,80
2019-04-07T05:59:40,C,209,81
2019-04-07T06:08:40,C,209,78
2019-04-07T06:17:40,C,209,79
2019-04-07T06:28:41,C,209,79
2019-04-07T06:38:41,C,209,81
2019-04-07T06:48:41,C,209,82
2019-04-07T06:58:41,C,209,84
2019-04-07T07:08:41,C,209,85
2019-04-07T07:17:41,C,209,83
2019-04-07T07:27:41,C,209,84
2019-04-07T07:38:42,C,209,83
2019-04-07T07:48:42,C,209,80
2019-04-07T07:58:42,C,209,83
2019-04-07T08:08:42,C,209,87
2019-04-07T08:19:42,C,209,90
2019-04-07T08:28:42,C,209,89
2019-04-07T08:37:42,C,209,90
2019-04-07T08:48:42,C,209,90
2019-04-07T08:58:43,C,209,93
2019-04-07T09:08:43,C,209,93
2019-04-07T09:19:43,C,209,99
2019-04-07T09:29:43,C,209,100
2019-04-07T09:39:43,C,209,97
2019-04-07T09:47:43,C,209,100
2019-04-07T09:58:43,C,209,100
2019-04-07T10:09:44,C,209,101
2019-04-07T10:19:44,C,209,104
2019-04-07T10:29:44,C,209,107
2019-04-07T10:39:44,C,209,117
2019-04-07T10:49:44,C,209,128
2019-04-07T10:58:44,C,209,123
2019-04-07T11:08:44,C,209,131
2019-04-07T11:20:44,C,209,137
2019-04-07T11:29:45,C,209,135
2019-04-07T11:39:45,C,209,133
2019-04-07T11:50:45,C,209,138
2019-04-07T11:59:45,C,209,132
2019-04-07T12:09:45,C,209,130
2019-04-07T12:18:45,C,209,134
2019-04-07T12:29:45,C,209,135
2019-04-07T12:40:45,C,209,138
2019-04-07T12:49:46,C,209,136
2019-04-07T12:59:46,C,209,137
2019-04-07T13:09:46,C,209,140
2019-04-07T13:18:46,C,209,141
2019-04-07T13:29:46,C,209,143
2019-04-07T13:39:46,C,209,143
2019-04-07T13:49:46,C,209,147
2019-04-07T13:59:47,C,209,143
2019-04-07T14:10:47,C,209,144
2019-04-07T14:19:47,C,209,146
2019-04-07T14:29:47,C,209,148
2019-04-07T14:38:47,C,209,143
2019-04-07T14:48:47,C,209,141
2019-04-07T14:59:47,C,209,135
2019-04-07T15:10:47,C,209,136
2019-04-07T15:20:48,C,209,136
2019-04-07T15:30:48,C,209,137
2019-04-07T15:40:48,C,209,137
2019-04-07T15:49:48,C,209,132
2019-04-07T15:59:48,C,209,132
2019-04-07T16:10:48,C,209,130
2019-04-07T16:20:48,C,209,120
2019-04-07T16:30:49,C,209,123
2019-04-07T16:40:49,C,209,123
2019-04-07T16:50:49,C,209,117
2019-04-07T16:59:49,C,209,120
2019-04-07T17:09:49,C,209,120
2019-04-07T17:19:49,C,209,127
2019-04-07T17:30:49,C,209,128
2019-04-07T17:40:49,C,209,132
2019-04-07T17:50:50,C,209,129
2019-04-07T17:59:50,C,209,130
2019-04-07T18:09:52,C,209,127
2019-04-07T18:19:50,C,209,125
2019-04-07T18:29:50,C,209,120
2019-04-07T18:40:50,C,209,118
2019-04-07T18:50:50,C,209,122
2019-04-07T19:00:51,C,209,128
2019-04-07T19:10:51,C,209,127
2019-04-07T19:19:51,C,209,127
2019-04-07T19:29:51,C,209,133
2019-04-07T19:39:51,C,209,133
2019-04-07T19:50:51,C,209,129
2019-04-07T20:00:51,C,209,128
2019-04-07T20:10:51,C,209,126
2019-04-07T20:20:52,C,209,120
2019-04-07T20:29:52,C,209,122
2019-04-07T20:39:52,C,209,121
2019-04-07T20:49:52,C,209,114
2019-04-07T21:00:52,C,209,110
2019-04-07T21:10:52,C,209,112
2019-04-07T21:20:52,C,209,107
2019-04-07T21:30:53,C,209,102
2019-04-07T21:40:53,C,209,104
2019-04-07T21:50:53,C,209,102
2019-04-07T22:00:53,C,209,99
2019-04-07T22:10:53,C,209,100
2019-04-07T22:21:53,C,209,98
2019-04-07T22:31:53,C,209,95
2019-04-07T22:41:54,C,209,91
2019-04-07T22:51:54,C,209,89
2019-04-07T23:00:54,C,209,89
2019-04-07T23:10:54,C,209,88
2019-04-07T23:20:54,C,209,88
2019-04-07T23:31:54,C,209,83
2019-04-07T23:41:54,C,209,83
2019-04-07T23:52:54,C,209,83
2019-04-08T00:01:55,C,209,83
2019-04-08T00:10:55,C,209,82
2019-04-08T00:20:55,C,209,81
2019-04-08T00:30:55,C,209,79
2019-04-08T00:40:55,C,209,77
2019-04-08T00:51:55,C,209,76
2019-04-08T01:02:55,C,209,76
2019-04-08T01:11:55,C,209,76
2019-04-08T01:20:56,C,209,74
2019-04-08T01:30:56,C,209,77
2019-04-08T01:41:56,C,209,76
2019-04-08T01:51:56,C,209,76
2019-04-08T02:01:56,C,209,76
2019-04-08T02:11:56,C,209,76
2019-04-08T02:21:56,C,209,75
2019-04-08T02:31:57,C,209,74
2019-04-08T02:41:57,C,209,74
2019-04-08T02:51:57,C,209,74
2019-04-08T03:13:43,C,209,74
2019-04-08T03:22:43,C,209,74
2019-04-08T03:32:43,C,209,78
2019-04-08T03:42:44,C,209,78
2019-04-08T03:51:44,C,209,78
2019-04-08T04:01:44,C,209,77
2019-04-08T04:12:44,C,209,76
2019-04-08T04:22:44,C,209,76
2019-04-08T04:32:44,C,209,76
2019-04-08T04:42:44,C,209,76
2019-04-08T04:53:45,C,209,76
2019-04-08T05:01:45,C,209,75
2019-04-08T05:11:45,C,209,73
2019-04-08T05:22:45,C,209,73
2019-04-08T05:32:45,C,209,71
2019-04-08T05:42:45,C,209,74
2019-04-08T05:52:45,C,209,75
2019-04-08T06:03:45,C,209,77
2019-04-08T06:11:46,C,209,77
2019-04-08T06:22:46,C,209,78
2019-04-08T06:32:46,C,209,81
2019-04-08T06:43:46,C,209,86
2019-04-08T06:52:46,C,209,89
2019-04-08T07:03:46,C,209,98
2019-04-08T07:13:46,C,209,105
2019-04-08T07:22:47,C,209,107
2019-04-08T07:32:47,C,209,116
2019-04-08T07:42:47,C,209,116
2019-04-08T07:53:47,C,209,119
2019-04-08T08:03:47,C,209,133
2019-04-08T08:13:47,C,209,135
2019-04-08T08:23:47,C,209,147
2019-04-08T08:33:47,C,209,153
2019-04-08T08:42:48,C,209,157
2019-04-08T08:52:48,C,209,161
2019-04-08T09:03:48,C,209,165
2019-04-08T09:13:48,C,209,165
2019-04-08T09:23:48,C,209,167
2019-04-08T09:33:48,C,209,166
2019-04-08T09:44:48,C,209,169
2019-04-08T09:53:49,C,209,173
2019-04-08T10:02:49,C,209,172
2019-04-08T10:12:49,C,209,177
2019-04-08T10:23:49,C,209,179
2019-04-08T10:34:49,C,209,178
2019-04-08T10:44:49,C,209,181
2019-04-08T10:53:49,C,209,182
2019-04-08T11:02:49,C,209,179
2019-04-08T11:12:50,C,209,183
2019-04-08T11:22:50,C,209,186
2019-04-08T11:33:50,C,209,185
2019-04-08T11:43:50,C,209,182
2019-04-08T11:54:50,C,209,180
2019-04-08T12:03:50,C,209,181
2019-04-08T12:12:50,C,209,186
2019-04-08T12:23:51,C,209,183
2019-04-08T12:33:51,C,209,185
2019-04-08T12:44:51,C,209,184
2019-04-08T12:54:51,C,209,184
2019-04-08T13:04:51,C,209,181
2019-04-08T13:14:51,C,209,182
2019-04-08T13:23:51,C,209,179
2019-04-08T13:33:51,C,209,178
2019-04-08T13:43:52,C,209,178
2019-04-08T13:53:52,C,209,178
2019-04-08T14:04:52,C,209,180
2019-04-08T14:14:52,C,209,180
2019-04-08T14:24:52,C,209,179
2019-04-08T14:34:52,C,209,178
2019-04-08T14:43:52,C,209,180
2019-04-08T14:53:52,C,209,179
2019-04-08T15:03:53,C,209,177
2019-04-08T15:14:53,C,209,180
2019-04-08T15:24:53,C,209,179
2019-04-08T15:34:53,C,209,181
2019-04-08T15:45:53,C,209,177
2019-04-08T15:54:53,C,209,176
2019-04-08T16:03:53,C,209,173
2019-04-08T16:14:54,C,209,169
2019-04-08T16:25:54,C,209,174
2019-04-08T16:34:54,C,209,175
2019-04-08T16:44:54,C,209,176
2019-04-08T16:54:54,C,209,173
2019-04-08T17:04:54,C,209,169
2019-04-08T17:13:54,C,209,172
2019-04-08T17:23:55,C,209,168
2019-04-08T17:33:55,C,209,169
2019-04-08T17:45:55,C,209,167
2019-04-08T17:55:55,C,209,160
2019-04-08T18:04:55,C,209,156
2019-04-08T18:14:55,C,209,155
2019-04-08T18:23:55,C,209,152
2019-04-08T18:33:55,C,209,152
2019-04-08T18:44:56,C,209,144
2019-04-08T18:55:56,C,209,136
2019-04-08T19:05:56,C,209,140
2019-04-08T19:15:56,C,209,143
2019-04-08T19:24:56,C,209,135
2019-04-08T19:34:56,C,209,134
2019-04-08T19:44:56,C,209,134
2019-04-08T19:54:57,C,209,133
2019-04-08T20:05:57,C,209,126
2019-04-08T20:15:57,C,209,123
2019-04-08T20:25:57,C,209,118
2019-04-08T20:35:57,C,209,120
2019-04-08T20:44:57,C,209,122
2019-04-08T21:10:58,C,209,119
2019-04-08T21:20:58,C,209,120
2019-04-08T21:31:58,C,209,120
2019-04-08T21:40:58,C,209,116
2019-04-08T21:49:58,C,209,107
2019-04-08T21:59:58,C,209,110
2019-04-08T22:10:58,C,209,109
2019-04-08T22:19:58,C,209,107
2019-04-08T22:31:59,C,209,101
2019-04-08T22:40:59,C,209,98
2019-04-08T22:49:59,C,209,98
2019-04-08T23:01:59,C,209,99
2019-04-08T23:09:59,C,209,99
2019-04-08T23:20:59,C,209,98
2019-04-08T23:30:59,C,209,97
2019-04-08T23:39:59,C,209,96
2019-04-08T23:52:00,C,209,91
2019-04-09T00:02:00,C,209,92
2019-04-09T00:12:00,C,209,88
2019-04-09T00:21:00,C,209,88
2019-04-09T00:31:00,C,209,90
2019-04-09T00:41:00,C,209,90
2019-04-09T00:51:00,C,209,88
2019-04-09T01:02:01,C,209,88
2019-04-09T01:13:01,C,209,88
2019-04-09T01:22:01,C,209,86
2019-04-09T01:32:01,C,209,88
2019-04-09T01:41:01,C,209,87
2019-04-09T01:51:01,C,209,86
2019-04-09T02:02:01,C,209,87
2019-04-09T02:12:01,C,209,86
2019-04-09T02:23:02,C,209,83
2019-04-09T02:33:02,C,209,84
2019-04-09T02:42:02,C,209,84
2019-04-09T02:51:02,C,209,84
2019-04-09T03:00:02,C,209,84
2019-04-09T03:12:32,C,209,84
2019-04-09T03:21:32,C,209,84
2019-04-09T03:31:32,C,209,78
2019-04-09T03:42:32,C,209,74
2019-04-09T03:50:32,C,209,74
2019-04-09T04:01:33,C,209,73
2019-04-09T04:11:33,C,209,71
2019-04-09T04:22:33,C,209,71
2019-04-09T04:31:33,C,209,72
2019-04-09T04:41:33,C,209,72
2019-04-09T04:52:33,C,209,71
2019-04-09T05:01:33,C,209,69
2019-04-09T05:11:33,C,209,69
2019-04-09T05:22:34,C,209,69
2019-04-09T05:31:34,C,209,70
2019-04-09T05:41:34,C,209,73
2019-04-09T05:52:34,C,209,77
2019-04-09T06:02:34,C,209,79
2019-04-09T06:12:34,C,209,81
2019-04-09T06:21:34,C,209,82
2019-04-09T06:32:35,C,209,84
2019-04-09T06:42:35,C,209,86
2019-04-09T06:52:35,C,209,90
2019-04-09T07:02:35,C,209,95
2019-04-09T07:12:35,C,209,104
2019-04-09T07:22:35,C,209,106
2019-04-09T07:31:35,C,209,111
2019-04-09T07:42:36,C,209,117
2019-04-09T07:52:36,C,209,125
2019-04-09T08:02:36,C,209,132
2019-04-09T08:12:36,C,209,148
2019-04-09T08:22:36,C,209,151
2019-04-09T08:32:36,C,209,157
2019-04-09T08:42:36,C,209,155
2019-04-09T08:51:36,C,209,162
2019-04-09T09:03:37,C,209,159
2019-04-09T09:12:37,C,209,161
2019-04-09T09:23:37,C,209,165
2019-04-09T09:32:37,C,209,168
2019-04-09T09:42:37,C,209,167
2019-04-09T09:51:37,C,209,169
2019-04-09T10:01:37,C,209,169
2019-04-09T10:13:38,C,209,170
2019-04-09T10:23:38,C,209,168
2019-04-09T10:32:38,C,209,173
2019-04-09T10:43:38,C,209,174
2019-04-09T10:53:38,C,209,171
2019-04-09T11:03:38,C,209,174
2019-04-09T11:11:38,C,209,175
2019-04-09T11:23:38,C,209,172
2019-04-09T11:33:39,C,209,169
2019-04-09T11:43:39,C,209,162
2019-04-09T11:53:39,C,209,162
2019-04-09T12:03:39,C,209,165
2019-04-09T12:13:39,C,209,170
2019-04-09T12:22:39,C,209,166
2019-04-09T12:32:39,C,209,170
2019-04-09T12:43:39,C,209,171
2019-04-09T12:53:40,C,209,171
2019-04-09T13:03:40,C,209,173
2019-04-09T13:13:40,C,209,180
2019-04-09T13:23:40,C,209,182
2019-04-09T13:32:40,C,209,180
2019-04-09T13:42:40,C,209,181
2019-04-09T13:53:40,C,209,181
2019-04-09T14:03:41,C,209,179
2019-04-09T14:13:41,C,209,177
2019-04-09T14:23:41,C,209,176
2019-04-09T14:33:41,C,209,175
2019-04-09T14:42:41,C,209,174
2019-04-09T14:52:41,C,209,169
2019-04-09T15:04:41,C,209,171
2019-04-09T15:13:42,C,209,170
2019-04-09T15:24:42,C,209,165
2019-04-09T15:34:42,C,209,165
2019-04-09T15:43:42,C,209,168
2019-04-09T15:52:42,C,209,166
2019-04-09T16:03:42,C,209,165
2019-04-09T16:12:42,C,209,166
2019-04-09T16:24:42,C,209,164
2019-04-09T16:34:43,C,209,164
2019-04-09T16:44:43,C,209,165
2019-04-09T16:54:43,C,209,165
2019-04-09T17:04:43,C,209,164
2019-04-09T17:13:43,C,209,159
2019-04-09T17:23:43,C,209,160
2019-04-09T17:34:43,C,209,159
2019-04-09T17:44:44,C,209,159
2019-04-09T17:54:44,C,209,152
2019-04-09T18:04:44,C,209,150
2019-04-09T18:14:44,C,209,145
2019-04-09T18:23:44,C,209,143
2019-04-09T18:33:44,C,209,140
2019-04-09T18:44:44,C,209,142
2019-04-09T18:54:44,C,209,146
2019-04-09T19:04:45,C,209,142
2019-04-09T19:14:45,C,209,141
2019-04-09T19:24:45,C,209,140
2019-04-09T19:34:45,C,209,137
2019-04-09T19:43:45,C,209,134
2019-04-09T19:54:45,C,209,135
2019-04-09T20:04:45,C,209,131
2019-04-09T20:14:45,C,209,132
2019-04-09T20:24:46,C,209,130
2019-04-09T20:34:46,C,209,126
2019-04-09T20:44:46,C,209,129
2019-04-09T20:53:46,C,209,126
2019-04-09T21:03:46,C,209,122
2019-04-09T21:15:46,C,209,123
2019-04-09T21:24:46,C,209,119
2019-04-09T21:34:46,C,209,112
2019-04-09T21:45:47,C,209,114
2019-04-09T21:54:47,C,209,111
2019-04-09T22:04:47,C,209,112
2019-04-09T22:14:47,C,209,108
2019-04-09T22:25:47,C,209,107
2019-04-09T22:35:47,C,209,100
2019-04-09T22:44:47,C,209,94
2019-04-09T22:55:48,C,209,90
2019-04-09T23:05:48,C,209,90
2019-04-09T23:14:48,C,209,89
2019-04-09T23:24:48,C,209,89
2019-04-09T23:35:48,C,209,92
2019-04-09T23:45:48,C,209,89
2019-04-09T23:55:48,C,209,87
2019-04-10T00:05:49,C,209,83
2019-04-10T00:15:49,C,209,85
2019-04-10T00:24:49,C,209,82
2019-04-10T00:34:49,C,209,83
2019-04-10T00:44:49,C,209,82
2019-04-10T00:55:49,C,209,81
2019-04-10T01:05:49,C,209,79
2019-04-10T01:16:49,C,209,79
2019-04-10T01:25:50,C,209,77
2019-04-10T01:35:50,C,209,76
2019-04-10T01:44:50,C,209,75
2019-04-10T01:54:50,C,209,75
2019-04-10T02:05:50,C,209,75
2019-04-10T02:16:51,C,209,74
2019-04-10T02:26:50,C,209,73
2019-04-10T02:35:51,C,209,72
2019-04-10T02:44:51,C,209,74
2019-04-10T02:54:51,C,209,74
2019-04-10T03:05:31,C,209,73
2019-04-10T03:15:31,C,209,73
2019-04-10T03:25:32,C,209,73
2019-04-10T03:36:32,C,209,78
2019-04-10T03:45:32,C,209,77
2019-04-10T03:55:32,C,209,76
2019-04-10T04:05:32,C,209,75
2019-04-10T04:16:32,C,209,73
2019-04-10T04:26:32,C,209,73
2019-04-10T04:36:33,C,209,74
2019-04-10T04:46:33,C,209,73
2019-04-10T04:56:33,C,209,74
2019-04-10T05:06:33,C,209,72
2019-04-10T05:15:33,C,209,70
2019-04-10T05:26:33,C,209,70
2019-04-10T05:36:33,C,209,72
2019-04-10T05:46:34,C,209,76
2019-04-10T05:56:34,C,209,78
2019-04-10T06:06:34,C,209,80
2019-04-10T06:16:34,C,209,79
2019-04-10T06:25:34,C,209,80
2019-04-10T06:35:34,C,209,84
2019-04-10T06:46:34,C,209,88
2019-04-10T06:56:34,C,209,93
2019-04-10T07:06:35,C,209,103
2019-04-10T07:17:35,C,209,107
2019-04-10T07:26:35,C,209,111
2019-04-10T07:35:35,C,209,108
2019-04-10T07:47:35,C,209,116
2019-04-10T07:57:35,C,209,123
2019-04-10T08:06:35,C,209,129
2019-04-10T08:16:35,C,209,145
2019-04-10T08:26:36,C,209,149
2019-04-10T08:37:36,C,209,152
2019-04-10T08:46:36,C,209,158
2019-04-10T08:55:36,C,209,156
2019-04-10T09:06:36,C,209,160
2019-04-10T09:16:36,C,209,163
2019-04-10T09:26:36,C,209,168
2019-04-10T09:37:37,C,209,169
2019-04-10T09:47:37,C,209,169
2019-04-10T09:56:37,C,209,174
2019-04-10T10:06:37,C,209,177
2019-04-10T10:17:37,C,209,180
2019-04-10T10:27:37,C,209,181
2019-04-10T10:36:37,C,209,178
2019-04-10T10:47:37,C,209,178
2019-04-10T10:57:38,C,209,177
2019-04-10T11:07:38,C,209,174
2019-04-10T11:16:38,C,209,170
2019-04-10T11:27:38,C,209,168
2019-04-10T11:37:38,C,209,167
2019-04-10T11:47:38,C,209,175
2019-04-10T11:57:38,C,209,173
2019-04-10T12:07:39,C,209,178
2019-04-10T12:17:39,C,209,178
2019-04-10T12:26:39,C,209,178
2019-04-10T12:36:39,C,209,175
2019-04-10T12:47:39,C,209,176
2019-04-10T12:57:39,C,209,174
2019-04-10T13:07:39,C,209,174
2019-04-10T13:17:39,C,209,167
2019-04-10T13:27:40,C,209,169
2019-04-10T13:36:40,C,209,168
2019-04-10T13:47:40,C,209,171
2019-04-10T13:57:40,C,209,170
2019-04-10T14:07:40,C,209,167
2019-04-10T14:17:40,C,209,176
2019-04-10T14:27:40,C,209,177
2019-04-10T14:37:41,C,209,175
2019-04-10T14:46:41,C,209,172
2019-04-10T14:56:41,C,209,170
2019-04-10T15:07:41,C,209,171
2019-04-10T15:17:41,C,209,170
2019-04-10T15:28:41,C,209,169
2019-04-10T15:37:41,C,209,173
2019-04-10T15:48:41,C,209,172
2019-04-10T15:58:42,C,209,174
2019-04-10T16:07:42,C,209,169
2019-04-10T16:17:42,C,209,172
2019-04-10T16:27:42,C,209,167
2019-04-10T16:37:42,C,209,167
2019-04-10T16:48:42,C,209,171
2019-04-10T16:58:42,C,209,171
2019-04-10T17:08:43,C,209,171
2019-04-10T17:17:43,C,209,163
2019-04-10T17:27:43,C,209,164
2019-04-10T17:38:43,C,209,166
2019-04-10T17:48:43,C,209,165
2019-04-10T17:58:43,C,209,161
2019-04-10T18:08:43,C,209,162
2019-04-10T18:18:43,C,209,154
2019-04-10T18:27:44,C,209,153
2019-04-10T18:37:44,C,209,150
2019-04-10T18:48:44,C,209,142
2019-04-10T18:58:44,C,209,139
2019-04-10T19:08:44,C,209,130
2019-04-10T19:18:44,C,209,129
2019-04-10T19:28:44,C,209,132
2019-04-10T19:37:44,C,209,127
2019-04-10T19:47:45,C,209,127
2019-04-10T19:59:45,C,209,133
2019-04-10T20:08:45,C,209,126
2019-04-10T20:19:45,C,209,125
2019-04-10T20:29:45,C,209,124
2019-04-10T20:38:45,C,209,126
2019-04-10T20:47:45,C,209,123
2019-04-10T20:57:46,C,209,121
2019-04-10T21:07:46,C,209,119
2019-04-10T21:18:46,C,209,118
2019-04-10T21:28:46,C,209,115
2019-04-10T21:39:46,C,209,116
2019-04-10T21:49:46,C,209,111
2019-04-10T21:58:46,C,209,110
2019-04-10T22:07:46,C,209,110
2019-04-10T22:17:47,C,209,106
2019-04-10T22:28:47,C,209,106
2019-04-10T22:38:47,C,209,100
2019-04-10T22:48:47,C,209,100
2019-04-10T22:59:47,C,209,95
2019-04-10T23:09:47,C,209,96
2019-04-10T23:18:47,C,209,93
2019-04-10T23:28:48,C,209,93
2019-04-10T23:39:48,C,209,93
2019-04-10T23:49:48,C,209,92
2019-04-10T23:59:48,C,209,88
2019-04-11T00:09:48,C,209,90
2019-04-11T00:18:48,C,209,90
2019-04-11T00:28:48,C,209,88
2019-04-11T00:38:48,C,209,86
2019-04-11T00:48:49,C,209,84
2019-04-11T00:59:49,C,209,82
2019-04-11T01:09:49,C,209,78
2019-04-11T01:20:49,C,209,78
2019-04-11T01:30:49,C,209,79
2019-04-11T01:38:49,C,209,79
2019-04-11T01:49:49,C,209,76
2019-04-11T01:59:50,C,209,74
2019-04-11T02:10:50,C,209,73
2019-04-11T02:20:50,C,209,74
2019-04-11T02:30:50,C,209,73
2019-04-11T02:39:50,C,209,71
2019-04-11T02:48:50,C,209,71
2019-04-11T02:58:50,C,209,71
2019-04-11T03:10:29,C,209,72
2019-04-11T03:20:29,C,209,72
2019-04-11T03:30:29,C,209,78
2019-04-11T03:40:29,C,209,78
2019-04-11T03:50:29,C,209,79
2019-04-11T04:00:29,C,209,79
2019-04-11T04:10:29,C,209,79
2019-04-11T04:20:30,C,209,76
2019-04-11T04:30:30,C,209,76
2019-04-11T04:40:30,C,209,75
2019-04-11T04:50:30,C,209,75
2019-04-11T05:00:30,C,209,76
2019-04-11T05:10:30,C,209,76
2019-04-11T05:20:30,C,209,75
2019-04-11T05:30:31,C,209,75
2019-04-11T05:40:31,C,209,77
2019-04-11T05:50:31,C,209,80
2019-04-11T06:00:31,C,209,79
2019-04-11T06:10:31,C,209,83
2019-04-11T06:20:31,C,209,81
2019-04-11T06:29:31,C,209,85
2019-04-11T06:40:31,C,209,85
2019-04-11T06:50:32,C,209,92
2019-04-11T07:00:32,C,209,100
2019-04-11T07:10:32,C,209,108
2019-04-11T07:20:32,C,209,109
2019-04-11T07:30:32,C,209,113
2019-04-11T07:39:32,C,209,116
2019-04-11T07:50:32,C,209,117
2019-04-11T08:00:32,C,209,121
2019-04-11T08:10:33,C,209,127
2019-04-11T08:21:33,C,209,143
2019-04-11T08:31:33,C,209,152
2019-04-11T08:40:33,C,209,153
2019-04-11T08:50:33,C,209,159
2019-04-11T09:00:33,C,209,160
2019-04-11T09:10:34,C,209,162
2019-04-11T09:20:34,C,209,165
2019-04-11T09:30:34,C,209,167
2019-04-11T09:40:34,C,209,164
2019-04-11T09:50:34,C,209,172
2019-04-11T10:00:34,C,209,171
2019-04-11T10:09:34,C,209,173
2019-04-11T10:20:34,C,209,177
2019-04-11T10:30:34,C,209,176
2019-04-11T10:41:35,C,209,177
2019-04-11T10:51:35,C,209,176
2019-04-11T11:01:35,C,209,175
2019-04-11T11:11:35,C,209,179
2019-04-11T11:20:35,C,209,178
2019-04-11T11:31:35,C,209,175
2019-04-11T11:41:35,C,209,175
2019-04-11T11:51:36,C,209,170
2019-04-11T12:01:36,C,209,168
2019-04-11T12:11:36,C,209,174
2019-04-11T12:21:36,C,209,175
2019-04-11T12:30:36,C,209,174
2019-04-11T12:41:36,C,209,168
2019-04-11T12:52:36,C,209,175
2019-04-11T13:01:36,C,209,172
2019-04-11T13:11:37,C,209,175
2019-04-11T13:21:37,C,209,179
2019-04-11T13:32:37,C,209,178
2019-04-11T13:40:37,C,209,176
2019-04-11T13:50:37,C,209,173
2019-04-11T14:01:37,C,209,172
2019-04-11T14:11:37,C,209,170
2019-04-11T14:21:38,C,209,175
2019-04-11T14:31:38,C,209,169
2019-04-11T14:41:38,C,209,170
2019-04-11T14:51:38,C,209,170
2019-04-11T15:00:39,C,209,172
2019-04-11T15:11:38,C,209,173
2019-04-11T15:22:38,C,209,172
2019-04-11T15:32:38,C,209,172
2019-04-11T15:41:39,C,209,176
2019-04-11T15:51:39,C,209,174
2019-04-11T16:02:39,C,209,177
2019-04-11T16:11:39,C,209,175
2019-04-11T16:22:39,C,209,171
2019-04-11T16:32:39,C,209,170
2019-04-11T16:42:39,C,209,167
2019-04-11T16:52:39,C,209,164
2019-04-11T17:02:40,C,209,162
2019-04-11T17:12:40,C,209,162
2019-04-11T17:21:40,C,209,158
2019-04-11T17:31:40,C,209,155
2019-04-11T17:42:40,C,209,151
2019-04-11T17:51:40,C,209,158
2019-04-11T18:02:40,C,209,149
2019-04-11T18:12:41,C,209,154
2019-04-11T18:22:41,C,209,154
2019-04-11T18:31:41,C,209,152
2019-04-11T18:41:41,C,209,150
2019-04-11T18:52:41,C,209,150
2019-04-11T19:02:41,C,209,153
2019-04-11T19:12:41,C,209,155
2019-04-11T19:22:41,C,209,148
2019-04-11T19:32:42,C,209,150
2019-04-11T19:41:42,C,209,148
2019-04-11T19:51:42,C,209,146
2019-04-11T20:02:42,C,209,148
2019-04-11T20:12:42,C,209,142
2019-04-11T20:22:42,C,209,137
2019-04-11T20:32:42,C,209,134
2019-04-11T20:42:43,C,209,135
2019-04-11T21:01:43,C,209,132
2019-04-11T21:11:43,C,209,128
2019-04-11T21:23:43,C,209,129
2019-04-11T21:32:43,C,209,127
2019-04-11T21:42:43,C,209,125
2019-04-11T21:52:44,C,209,123
2019-04-11T22:02:44,C,209,117
2019-04-11T22:11:44,C,209,112
2019-04-11T22:22:44,C,209,109
2019-04-11T22:33:44,C,209,108
2019-04-11T22:43:44,C,209,106
2019-04-11T22:53:44,C,209,102
2019-04-11T23:03:44,C,209,100
2019-04-11T23:13:45,C,209,100
2019-04-11T23:22:45,C,209,97
2019-04-11T23:32:45,C,209,99
2019-04-11T23:42:45,C,209,93
2019-04-11T23:53:45,C,209,92
2019-04-12T00:03:45,C,209,92
2019-04-12T00:14:45,C,209,90
2019-04-12T00:24:46,C,209,88
2019-04-12T00:32:46,C,209,87
2019-04-12T00:43:46,C,209,87
2019-04-12T00:52:46,C,209,86
2019-04-12T01:03:46,C,209,85
2019-04-12T01:13:46,C,209,83
2019-04-12T01:23:46,C,209,81
2019-04-12T01:34:46,C,209,81
2019-04-12T01:43:47,C,209,82
2019-04-12T01:53:47,C,209,82
2019-04-12T02:02:47,C,209,82
2019-04-12T02:13:47,C,209,81
2019-04-12T02:23:47,C,209,80
2019-04-12T02:33:47,C,209,78
2019-04-12T02:43:47,C,209,79
2019-04-12T02:53:48,C,209,77
2019-04-12T03:03:37,C,209,76
2019-04-12T03:14:37,C,209,75
2019-04-12T03:24:37,C,209,76
2019-04-12T03:33:38,C,209,78
2019-04-12T03:44:38,C,209,77
2019-04-12T03:54:38,C,209,76
2019-04-12T04:03:38,C,209,73
2019-04-12T04:12:38,C,209,73
2019-04-12T04:24:38,C,209,72
2019-04-12T04:34:38,C,209,71
2019-04-12T04:43:38,C,209,72
2019-04-12T04:53:39,C,209,73
2019-04-12T05:04:39,C,209,74
2019-04-12T05:13:39,C,209,76
2019-04-12T05:22:39,C,209,76
2019-04-12T05:33:39,C,209,77
2019-04-12T05:44:39,C,209,78
2019-04-12T05:54:39,C,209,82
2019-04-12T06:04:40,C,209,86
2019-04-12T06:14:40,C,209,85
2019-04-12T06:24:40,C,209,82
2019-04-12T06:33:40,C,209,87
2019-04-12T06:43:40,C,209,87
2019-04-12T06:55:40,C,209,98
2019-04-12T07:04:40,C,209,104
2019-04-12T07:14:41,C,209,114
2019-04-12T07:24:41,C,209,117
2019-04-12T07:34:41,C,209,121
2019-04-12T07:44:41,C,209,128
2019-04-12T07:53:41,C,209,125
2019-04-12T08:03:41,C,209,129
2019-04-12T08:14:41,C,209,136
2019-04-12T08:25:41,C,209,155
2019-04-12T08:34:42,C,209,156
2019-04-12T08:44:42,C,209,166
2019-04-12T08:54:42,C,209,170
2019-04-12T09:03:42,C,209,178
2019-04-12T09:13:42,C,209,178
2019-04-12T09:24:42,C,209,178
2019-04-12T09:35:42,C,209,177
2019-04-12T09:45:42,C,209,181
2019-04-12T09:55:43,C,209,178
2019-04-12T10:05:43,C,209,183
2019-04-12T10:14:43,C,209,185
2019-04-12T10:24:43,C,209,184
2019-04-12T10:35:43,C,209,186
2019-04-12T10:45:43,C,209,186
2019-04-12T10:55:43,C,209,188
2019-04-12T11:05:44,C,209,185
2019-04-12T11:15:44,C,209,183
2019-04-12T11:24:44,C,209,184
2019-04-12T11:34:44,C,209,187
2019-04-12T11:45:44,C,209,187
2019-04-12T11:55:44,C,209,184
2019-04-12T12:06:44,C,209,186
2019-04-12T12:16:45,C,209,188
2019-04-12T12:26:45,C,209,186
2019-04-12T12:34:45,C,209,185
2019-04-12T12:44:45,C,209,185
2019-04-12T12:54:45,C,209,186
2019-04-12T13:05:45,C,209,187
2019-04-12T13:15:45,C,209,191
2019-04-12T13:25:45,C,209,190
2019-04-12T13:35:46,C,209,190
2019-04-12T13:46:46,C,209,184
2019-04-12T13:54:46,C,209,178
2019-04-12T14:04:46,C,209,177
2019-04-12T14:15:46,C,209,180
2019-04-12T14:25:46,C,209,178
2019-04-12T14:35:46,C,209,177
2019-04-12T14:45:46,C,209,180
2019-04-12T14:55:47,C,209,176
2019-04-12T15:04:47,C,209,177
2019-04-12T15:14:47,C,209,177
2019-04-12T15:26:47,C,209,172
2019-04-12T15:36:47,C,209,173
2019-04-12T15:46:47,C,209,178
2019-04-12T15:56:47,C,209,180
2019-04-12T16:06:47,C,209,178
2019-04-12T16:14:48,C,209,172
2019-04-12T16:25:48,C,209,175
2019-04-12T16:35:48,C,209,177
2019-04-12T16:46:48,C,209,181
2019-04-12T16:56:48,C,209,177
2019-04-12T17:06:48,C,209,173
2019-04-12T17:17:48,C,209,176
2019-04-12T17:25:49,C,209,170
2019-04-12T17:35:49,C,209,165
2019-04-12T17:45:49,C,209,162
2019-04-12T17:56:49,C,209,162
2019-04-12T18:06:49,C,209,156
2019-04-12T18:17:49,C,209,159
2019-04-12T18:26:49,C,209,159
2019-04-12T18:36:49,C,209,156
2019-04-12T18:45:50,C,209,152
2019-04-12T18:55:50,C,209,151
2019-04-12T19:05:50,C,209,148
2019-04-12T19:16:50,C,209,145
2019-04-12T19:26:50,C,209,145
2019-04-12T19:36:50,C,209,148
2019-04-12T19:46:50,C,209,148
2019-04-12T19:55:51,C,209,148
2019-04-12T20:05:51,C,209,147
2019-04-12T20:16:51,C,209,137
2019-04-12T20:26:51,C,209,139
2019-04-12T20:36:51,C,209,133
2019-04-12T20:47:51,C,209,130
2019-04-12T20:57:51,C,209,128
2019-04-12T21:06:51,C,209,125
2019-04-12T21:16:52,C,209,125
2019-04-12T21:26:52,C,209,125
2019-04-12T21:37:52,C,209,121
2019-04-12T21:47:52,C,209,119
2019-04-12T21:57:52,C,209,115
2019-04-12T22:07:52,C,209,107
2019-04-12T22:16:52,C,209,111
2019-04-12T22:26:53,C,209,109
2019-04-12T22:36:53,C,209,108
2019-04-12T22:47:53,C,209,105
2019-04-12T22:58:53,C,209,100
2019-04-12T23:08:53,C,209,94
2019-04-12T23:18:53,C,209,94
2019-04-12T23:26:53,C,209,94
2019-04-12T23:37:54,C,209,89
2019-04-12T23:46:54,C,209,92
2019-04-12T23:57:54,C,209,90
2019-04-13T00:07:54,C,209,86
2019-04-13T00:16:54,C,209,86
2019-04-13T00:27:54,C,209,85
2019-04-13T00:37:54,C,209,84
2019-04-13T00:47:54,C,209,82
2019-04-13T00:57:55,C,209,84
2019-04-13T01:06:55,C,209,85
2019-04-13T01:17:55,C,209,81
2019-04-13T01:27:55,C,209,78
2019-04-13T01:28:55,C,209,78
2019-04-13T01:48:55,C,209,81
2019-04-13T01:56:55,C,209,80
2019-04-13T02:07:55,C,209,79
2019-04-13T02:17:56,C,209,78
2019-04-13T02:26:56,C,209,76
2019-04-13T02:38:56,C,209,78
2019-04-13T02:48:56,C,209,77
2019-04-13T02:58:56,C,209,76
2019-04-13T03:07:32,C,209,74
2019-04-13T03:18:32,C,209,75
2019-04-13T03:28:32,C,209,76
2019-04-13T03:38:32,C,209,76
2019-04-13T03:48:33,C,209,76
2019-04-13T03:58:33,C,209,76
2019-04-13T04:08:33,C,209,76
2019-04-13T04:17:33,C,209,76
2019-04-13T04:19:33,C,209,76
2019-04-13T04:38:33,C,209,74
2019-04-13T04:47:33,C,209,74
2019-04-13T04:58:33,C,209,75
2019-04-13T05:08:34,C,209,75
2019-04-13T05:18:34,C,209,74
2019-04-13T05:28:34,C,209,73
2019-04-13T05:37:34,C,209,73
2019-04-13T05:48:34,C,209,76
2019-04-13T05:58:34,C,209,76
2019-04-13T06:09:34,C,209,77
2019-04-13T06:18:35,C,209,79
2019-04-13T06:28:35,C,209,79
2019-04-13T06:38:35,C,209,85
2019-04-13T06:47:35,C,209,89
2019-04-13T06:59:35,C,209,88
2019-04-13T07:08:35,C,209,88
2019-04-13T07:18:35,C,209,89
2019-04-13T07:29:36,C,209,90
2019-04-13T07:38:36,C,209,97
2019-04-13T07:48:36,C,209,99
2019-04-13T07:57:36,C,209,110
2019-04-13T08:09:36,C,209,111
2019-04-13T08:19:36,C,209,116
2019-04-13T08:29:36,C,209,127
2019-04-13T08:39:36,C,209,129
2019-04-13T08:48:37,C,209,133
2019-04-13T08:58:37,C,209,131
2019-04-13T09:08:37,C,209,137
2019-04-13T09:18:37,C,209,139
2019-04-13T09:29:37,C,209,142
2019-04-13T09:39:37,C,209,148
2019-04-13T09:49:37,C,209,147
2019-04-13T09:59:37,C,209,147
2019-04-13T10:09:38,C,209,151
2019-04-13T10:18:38,C,209,155
2019-04-13T10:28:38,C,209,157
2019-04-13T10:39:38,C,209,158
2019-04-13T10:49:38,C,209,159
2019-04-13T10:59:38,C,209,166
2019-04-13T11:09:38,C,209,171
2019-04-13T11:18:39,C,209,175
2019-04-13T11:29:39,C,209,176
2019-04-13T11:49:39,C,209,177
2019-04-13T11:59:39,C,209,176
2019-04-13T12:10:39,C,209,173
2019-04-13T12:20:39,C,209,174
2019-04-13T12:29:39,C,209,172
2019-04-13T12:39:40,C,209,179
2019-04-13T12:49:40,C,209,174
2019-04-13T13:00:40,C,209,177
2019-04-13T13:10:40,C,209,176
2019-04-13T13:19:40,C,209,175
2019-04-13T13:30:40,C,209,179
2019-04-13T13:40:40,C,209,175
2019-04-13T13:50:40,C,209,172
2019-04-13T13:59:41,C,209,179
2019-04-13T14:09:41,C,209,171
2019-04-13T14:20:41,C,209,175
2019-04-13T14:29:41,C,209,174
2019-04-13T14:40:41,C,209,171
2019-04-13T14:50:41,C,209,165
2019-04-13T15:00:41,C,209,157
2019-04-13T15:09:42,C,209,158
2019-04-13T15:19:42,C,209,153
2019-04-13T15:30:42,C,209,156
2019-04-13T15:40:42,C,209,155
2019-04-13T15:50:42,C,209,157
2019-04-13T16:00:42,C,209,158
2019-04-13T16:10:42,C,209,160
2019-04-13T16:20:42,C,209,158
2019-04-13T16:30:43,C,209,158
2019-04-13T16:39:43,C,209,161
2019-04-13T16:51:43,C,209,159
2019-04-13T17:00:43,C,209,158
2019-04-13T17:10:43,C,209,158
2019-04-13T17:21:43,C,209,155
2019-04-13T17:30:43,C,209,159
2019-04-13T17:39:44,C,209,158
2019-04-13T17:49:44,C,209,157
2019-04-13T18:00:44,C,209,153
